175 2768
174 2750
173 2736
13 152
14 169
172 2716
12 141
15 194
18 234
16 213
22 273
24 297
20 253
17 226
19 240
11 128
7 39
171 2699
165 2612
23 285
25 301
21 263
2 8
166 2629
8 55
10 99
3 13
1 7
26 307
170 2685
164 2599
27 317
167 2640
9 80
28 322
0 0
33 364
163 2582
29 327
32 348
30 333
168 2652
35 389
169 2668
31 339
162 2573
39 425
36 398
161 2565
34 381
40 436
38 417
156 2491
37 406
160 2553
41 453
42 462
158 2512
155 2481
44 514
157 2500
159 2525
45 524
43 496
46 532
154 2471
49 561
47 541
153 2463
48 551
152 2455
50 571
