174 2750
173 2736
172 2716
171 2699
170 2685
166 2629
19 240
12 141
20 253
13 152
14 169
165 2612
17 226
18 234
169 2668
167 2640
15 194
7 39
168 2652
11 128
10 99
2 8
3 13
21 263
8 55
16 213
1 7
164 2599
9 80
22 273
163 2582
0 0
23 285
24 297
162 2573
161 2565
25 301
160 2553
156 2491
26 307
157 2500
155 2481
159 2525
29 327
158 2512
40 436
33 364
27 317
154 2471
31 339
30 333
28 322
42 462
36 398
32 348
43 496
38 417
35 389
34 381
41 453
39 425
44 514
152 2455
153 2463
37 406
45 524
46 532
151 2439
