1311868164.363181 1311868165.363060 1311868164.363200 1311868165.363200 0.476343 0.120834
1311868164.399026 1311868165.399160 1311868164.399800 1311868165.399900 0.456069 0.124738
1311868164.430940 1311868165.430962 1311868164.429800 1311868165.430500 0.424303 0.108598
1311868164.463055 1311868165.463114 1311868164.463200 1311868165.463900 0.393196 0.119272
1311868164.499130 1311868165.499179 1311868164.499800 1311868165.499900 0.334194 0.133021
1311868164.531025 1311868165.531124 1311868164.529800 1311868165.529900 0.321789 0.124087
1311868164.563004 1311868165.563054 1311868164.563200 1311868165.563200 0.267568 0.103521
1311868164.599061 1311868165.599188 1311868164.599800 1311868165.599900 0.223309 0.093443
1311868164.631140 1311868165.631159 1311868164.629800 1311868165.629900 0.204603 0.102656
1311868164.663105 1311868165.663251 1311868164.663200 1311868165.663200 0.218705 0.174621
1311868164.698987 1311868165.699187 1311868164.699900 1311868165.699900 0.229286 0.245508
1311868164.731046 1311868165.731234 1311868164.729800 1311868165.730300 0.214585 0.259900
1311868164.763098 1311868165.763100 1311868164.763200 1311868165.763200 0.235350 0.314697
1311868164.799138 1311868165.799107 1311868164.799800 1311868165.799900 0.305553 0.411312
1311868164.831006 1311868165.831186 1311868164.829800 1311868165.829900 0.365578 0.451289
1311868164.863058 1311868165.863220 1311868164.863100 1311868165.863200 0.444701 0.502204
1311868164.899132 1311868165.899162 1311868164.899800 1311868165.899900 0.477599 0.533242
1311868164.930933 1311868165.931154 1311868164.929800 1311868165.929900 0.490346 0.557638
1311868164.963119 1311868165.963154 1311868164.963200 1311868165.963300 0.488811 0.569992
1311868164.999037 1311868165.999133 1311868165.000100 1311868165.999900 0.510674 0.574252
1311868165.031122 1311868166.031204 1311868165.029900 1311868166.029900 0.514272 0.570862
1311868165.063108 1311868166.063111 1311868165.063200 1311868166.063200 0.493599 0.556360
1311868165.099162 1311868166.099206 1311868165.099900 1311868166.100000 0.450904 0.498428
1311868165.131014 1311868166.131254 1311868165.129800 1311868166.129900 0.468552 0.525248
1311868165.163146 1311868166.163189 1311868165.163200 1311868166.163300 0.468426 0.543494
1311868165.199145 1311868166.199211 1311868165.199800 1311868166.199900 0.467216 0.561021
1311868165.231193 1311868166.231050 1311868165.229800 1311868166.229900 0.504600 0.599944
1311868165.263005 1311868166.263177 1311868165.263200 1311868166.263200 0.543805 0.625744
1311868165.299103 1311868166.299209 1311868165.299800 1311868166.299900 0.570972 0.655508
1311868165.331226 1311868166.331189 1311868165.329900 1311868166.329900 0.572731 0.662301
1311868165.363060 1311868166.363122 1311868165.363200 1311868166.363200 0.605337 0.669024
1311868165.399160 1311868166.399232 1311868165.399900 1311868166.399900 0.643237 0.650504
1311868165.430962 1311868166.431171 1311868165.430500 1311868166.429900 0.776846 0.669940
1311868165.463114 1311868166.463018 1311868165.463900 1311868166.463300 0.782122 0.669833
1311868165.499179 1311868166.499195 1311868165.499900 1311868166.499900 0.788032 0.672489
1311868165.531124 1311868166.531252 1311868165.529900 1311868166.529900 0.807880 0.666025
1311868165.563054 1311868166.563132 1311868165.563200 1311868166.563200 0.807596 0.644791
1311868165.599188 1311868166.599207 1311868165.599900 1311868166.599900 0.803364 0.627128
1311868165.631159 1311868166.631287 1311868165.629900 1311868166.629900 0.814098 0.613656
1311868165.663251 1311868166.663284 1311868165.663200 1311868166.663200 0.790347 0.585059
1311868165.699187 1311868166.699270 1311868165.699900 1311868166.699900 0.757044 0.530056
1311868165.731234 1311868166.731105 1311868165.730300 1311868166.729900 0.773203 0.576061
1311868165.763100 1311868166.763333 1311868165.763200 1311868166.763300 0.784527 0.570366
1311868165.799107 1311868166.799225 1311868165.799900 1311868166.799900 0.726597 0.510402
1311868165.831186 1311868166.831229 1311868165.829900 1311868166.829900 0.747009 0.555713
1311868165.863220 1311868166.863222 1311868165.863200 1311868166.863200 0.719323 0.565634
1311868165.899162 1311868166.899308 1311868165.899900 1311868166.900000 0.709905 0.561894
1311868165.931154 1311868166.931160 1311868165.929900 1311868166.930000 0.709740 0.547748
1311868165.963154 1311868166.963312 1311868165.963300 1311868166.964200 0.725250 0.525514
1311868165.999133 1311868166.999289 1311868165.999900 1311868167.000400 0.707948 0.491898
1311868166.031204 1311868167.031127 1311868166.029900 1311868167.029900 0.691255 0.475623
1311868166.063111 1311868167.063209 1311868166.063200 1311868167.063300 0.693617 0.464592
1311868166.099206 1311868167.099303 1311868166.100000 1311868167.099900 0.682270 0.452702
1311868166.131254 1311868167.099303 1311868166.129900 1311868167.099900 0.656330 0.419803
1311868166.163189 1311868167.163230 1311868166.163300 1311868167.163200 0.653321 0.392364
1311868166.199211 1311868167.199258 1311868166.199900 1311868167.200000 0.723830 0.394524
1311868166.231050 1311868167.231267 1311868166.229900 1311868167.230000 0.713673 0.383776
1311868166.263177 1311868167.263251 1311868166.263200 1311868167.263300 0.691965 0.370895
1311868166.299209 1311868167.299141 1311868166.299900 1311868167.300000 0.726034 0.426628
1311868166.331189 1311868167.331145 1311868166.329900 1311868167.329900 0.745305 0.451593
1311868166.363122 1311868167.363275 1311868166.363200 1311868167.363300 0.726886 0.450840
1311868166.399232 1311868167.399226 1311868166.399900 1311868167.399900 0.758171 0.481043
1311868166.431171 1311868167.431237 1311868166.429900 1311868167.430000 0.717974 0.458449
1311868166.463018 1311868167.463303 1311868166.463300 1311868167.463300 0.713663 0.444847
1311868166.499195 1311868167.499121 1311868166.499900 1311868167.500000 0.666012 0.429986
1311868166.531252 1311868167.531321 1311868166.529900 1311868167.530000 0.650124 0.414173
1311868166.563132 1311868167.563160 1311868166.563200 1311868167.563300 0.637440 0.409304
1311868166.599207 1311868167.599230 1311868166.599900 1311868167.599900 0.638233 0.402767
1311868166.631287 1311868167.631495 1311868166.629900 1311868167.630000 0.618736 0.379748
1311868166.663284 1311868167.663360 1311868166.663200 1311868167.663300 0.632266 0.311934
1311868166.699270 1311868167.699226 1311868166.699900 1311868167.700100 0.642039 0.301554
1311868166.731105 1311868167.731241 1311868166.729900 1311868167.730000 0.636089 0.289386
1311868166.763333 1311868167.763281 1311868166.763300 1311868167.763300 0.628577 0.322144
1311868166.799225 1311868167.799224 1311868166.799900 1311868167.800000 0.631839 0.336793
1311868166.831229 1311868167.863098 1311868166.829900 1311868167.863300 0.634619 0.340037
1311868166.863222 1311868167.863098 1311868166.863200 1311868167.863300 0.631902 0.331631
1311868166.899308 1311868167.899376 1311868166.900000 1311868167.900000 0.631604 0.335043
1311868166.931160 1311868167.931184 1311868166.930000 1311868167.930000 0.646535 0.358239
1311868166.963312 1311868167.931184 1311868166.964200 1311868167.930000 0.615930 0.344893
1311868166.999289 1311868167.999325 1311868167.000400 1311868168.000000 0.620645 0.391586
1311868167.031127 1311868168.031266 1311868167.029900 1311868168.030000 0.617464 0.401344
1311868167.063209 1311868168.063183 1311868167.063300 1311868168.063300 0.605310 0.420790
1311868167.099303 1311868168.099296 1311868167.099900 1311868168.100000 0.635336 0.427082
1311868167.163230 1311868168.163282 1311868167.163200 1311868168.163300 0.660182 0.452695
1311868167.199258 1311868168.199247 1311868167.200000 1311868168.200000 0.687520 0.418103
1311868167.231267 1311868168.263256 1311868167.230000 1311868168.263300 0.704750 0.402726
1311868167.263251 1311868168.263256 1311868167.263300 1311868168.263300 0.705875 0.403414
1311868167.299141 1311868168.299606 1311868167.300000 1311868168.300000 0.661303 0.337817
1311868167.331145 1311868168.331222 1311868167.329900 1311868168.330000 0.632952 0.299025
1311868167.363275 1311868168.363180 1311868167.363300 1311868168.363300 0.692689 0.314766
1311868167.399226 1311868168.399360 1311868167.399900 1311868168.400000 0.704834 0.307519
1311868167.431237 1311868168.431214 1311868167.430000 1311868168.430000 0.714340 0.310664
1311868167.463303 1311868168.463333 1311868167.463300 1311868168.463300 0.732771 0.336909
1311868167.499121 1311868168.499268 1311868167.500000 1311868168.500000 0.733733 0.380211
1311868167.531321 1311868168.563319 1311868167.530000 1311868168.563300 0.766062 0.395291
1311868167.563160 1311868168.563319 1311868167.563300 1311868168.563300 0.771139 0.398008
1311868167.599230 1311868168.599366 1311868167.599900 1311868168.600100 0.814885 0.384168
1311868167.631495 1311868168.663320 1311868167.630000 1311868168.663300 0.824964 0.375744
1311868167.663360 1311868168.663320 1311868167.663300 1311868168.663300 0.812498 0.353348
1311868167.699226 1311868168.699557 1311868167.700100 1311868168.700000 0.812931 0.334379
1311868167.731241 1311868168.699557 1311868167.730000 1311868168.700000 0.790867 0.302215
1311868167.763281 1311868168.763305 1311868167.763300 1311868168.763300 0.769683 0.228639
1311868167.799224 1311868168.799362 1311868167.800000 1311868168.800200 0.764019 0.224318
1311868167.863098 1311868168.831176 1311868167.863300 1311868168.830000 0.710808 0.206651
1311868167.899376 1311868168.899300 1311868167.900000 1311868168.900000 0.684993 0.201124
1311868167.931184 1311868168.931215 1311868167.930000 1311868168.930000 0.664271 0.180582
1311868167.999325 1311868168.999373 1311868168.000000 1311868169.000300 0.521865 0.186121
1311868168.031266 1311868169.031214 1311868168.030000 1311868169.030000 0.447040 0.190902
1311868168.063183 1311868169.063354 1311868168.063300 1311868169.063300 0.435203 0.198095
1311868168.099296 1311868169.099339 1311868168.100000 1311868169.100100 0.371223 0.199754
1311868168.131162 1311868169.131247 1311868168.130100 1311868169.130100 0.337032 0.181581
1311868168.163282 1311868169.131247 1311868168.163300 1311868169.130100 0.334874 0.169265
1311868168.199247 1311868169.199452 1311868168.200000 1311868169.200000 0.280556 0.147726
1311868168.263256 1311868169.263274 1311868168.263300 1311868169.263300 0.469224 0.107880
1311868168.299606 1311868169.299529 1311868168.300000 1311868169.300000 0.489280 0.122494
1311868168.331222 1311868169.331297 1311868168.330000 1311868169.330000 0.537161 0.177945
1311868168.363180 1311868169.363470 1311868168.363300 1311868169.363400 0.546592 0.155555
1311868168.399360 1311868169.399437 1311868168.400000 1311868169.400000 0.556799 0.126058
1311868168.431214 1311868169.431440 1311868168.430000 1311868169.430000 0.580269 0.098156
1311868168.463333 1311868169.463229 1311868168.463300 1311868169.463400 0.598801 0.060789
1311868168.499268 1311868169.499263 1311868168.500000 1311868169.500200 0.616012 0.043784
1311868168.563319 1311868169.563501 1311868168.563300 1311868169.563300 0.694040 0.031839
1311868168.599366 1311868169.599378 1311868168.600100 1311868169.600100 0.729342 0.031447
1311868168.663320 1311868169.663240 1311868168.663300 1311868169.663300 0.748213 0.036740
1311868168.699557 1311868169.699466 1311868168.700000 1311868169.700100 0.794145 0.034926
1311868168.763305 1311868169.763417 1311868168.763300 1311868169.763400 0.889200 0.101968
1311868168.799362 1311868169.799368 1311868168.800200 1311868169.800100 0.889687 0.120531
1311868168.831176 1311868169.831415 1311868168.830000 1311868169.830100 0.929923 0.165823
1311868168.899300 1311868169.899390 1311868168.900000 1311868169.900100 0.980486 0.243608
1311868168.931215 1311868169.931272 1311868168.930000 1311868169.930100 1.004462 0.268534
1311868168.963348 1311868169.963415 1311868168.963300 1311868169.963400 0.990206 0.285867
1311868168.999373 1311868169.999399 1311868169.000300 1311868170.000100 0.915466 0.300334
1311868169.031214 1311868170.031274 1311868169.030000 1311868170.030100 0.762116 0.376636
1311868169.063354 1311868170.063469 1311868169.063300 1311868170.063400 0.762082 0.396105
1311868169.099339 1311868170.099394 1311868169.100100 1311868170.100100 0.687566 0.445494
1311868169.131247 1311868170.131345 1311868169.130100 1311868170.130100 0.696163 0.508351
1311868169.199452 1311868170.199317 1311868169.200000 1311868170.200100 0.668375 0.562988
1311868169.231354 1311868170.231467 1311868169.230000 1311868170.230100 0.516718 0.467437
1311868169.263274 1311868170.263521 1311868169.263300 1311868170.263400 0.359821 0.371895
1311868169.299529 1311868170.299432 1311868169.300000 1311868170.300100 0.315706 0.345677
1311868169.331297 1311868170.331325 1311868169.330000 1311868170.330100 0.234719 0.303917
1311868169.363470 1311868170.363400 1311868169.363400 1311868170.363400 0.208404 0.314674
1311868169.399437 1311868170.399421 1311868169.400000 1311868170.400100 0.203694 0.340238
1311868169.431440 1311868170.431288 1311868169.430000 1311868170.430100 0.190013 0.361256
1311868169.463229 1311868170.463383 1311868169.463400 1311868170.463400 0.224747 0.399790
1311868169.499263 1311868170.499476 1311868169.500200 1311868170.500100 0.223697 0.406725
1311868169.531434 1311868170.531505 1311868169.530800 1311868170.530100 0.194815 0.410571
1311868169.563501 1311868170.563345 1311868169.563300 1311868170.563400 0.262653 0.494839
1311868169.599378 1311868170.599324 1311868169.600100 1311868170.600100 0.254204 0.521936
1311868169.631327 1311868170.631485 1311868169.630300 1311868170.630100 0.259210 0.542123
1311868169.663240 1311868170.663430 1311868169.663300 1311868170.663400 0.258703 0.560110
1311868169.699466 1311868170.699432 1311868169.700100 1311868170.700100 0.274445 0.563776
1311868169.731279 1311868170.731397 1311868169.730100 1311868170.730100 0.288182 0.571560
1311868169.763417 1311868170.763453 1311868169.763400 1311868170.763400 0.310105 0.526437
1311868169.799368 1311868170.799446 1311868169.800100 1311868170.800100 0.342052 0.522233
1311868169.831415 1311868170.831309 1311868169.830100 1311868170.830100 0.356536 0.496794
1311868169.863396 1311868170.863446 1311868169.863400 1311868170.863500 0.431142 0.475106
1311868169.899390 1311868170.899435 1311868169.900100 1311868170.900100 0.475142 0.492732
1311868169.931272 1311868170.931374 1311868169.930100 1311868170.930100 0.518581 0.520329
1311868169.963415 1311868170.963440 1311868169.963400 1311868170.963500 0.540383 0.529397
1311868169.999399 1311868170.999483 1311868170.000100 1311868171.000100 0.571559 0.568140
1311868170.031274 1311868171.031493 1311868170.030100 1311868171.030100 0.641813 0.421148
1311868170.063469 1311868171.063438 1311868170.063400 1311868171.063400 0.652011 0.388267
1311868170.099394 1311868171.099448 1311868170.100100 1311868171.100100 0.620730 0.385880
1311868170.131345 1311868171.131477 1311868170.130100 1311868171.130100 0.634623 0.336162
1311868170.163416 1311868171.163447 1311868170.163400 1311868171.163400 0.647963 0.325265
1311868170.199317 1311868171.199444 1311868170.200100 1311868171.200200 0.633561 0.301692
1311868170.231467 1311868171.231391 1311868170.230100 1311868171.230100 0.632558 0.292074
1311868170.263521 1311868171.263404 1311868170.263400 1311868171.263400 0.625635 0.292420
1311868170.299432 1311868171.299368 1311868170.300100 1311868171.300100 0.614634 0.286259
1311868170.331325 1311868171.331406 1311868170.330100 1311868171.330100 0.618366 0.225962
1311868170.363400 1311868171.363479 1311868170.363400 1311868171.363400 0.548039 0.194094
1311868170.399421 1311868171.399409 1311868170.400100 1311868171.400200 0.525262 0.198701
1311868170.431288 1311868171.399409 1311868170.430100 1311868171.400200 0.522653 0.199018
1311868170.463383 1311868171.463459 1311868170.463400 1311868171.463400 0.469829 0.209342
1311868170.499476 1311868171.499514 1311868170.500100 1311868171.500100 0.467945 0.227058
1311868170.531505 1311868171.531471 1311868170.530100 1311868171.530100 0.462079 0.231667
1311868170.563345 1311868171.563381 1311868170.563400 1311868171.563500 0.417745 0.236932
1311868170.599324 1311868171.599490 1311868170.600100 1311868171.600100 0.409307 0.228691
1311868170.631485 1311868171.631528 1311868170.630100 1311868171.630100 0.393952 0.234690
1311868170.663430 1311868171.663411 1311868170.663400 1311868171.663500 0.387820 0.246757
1311868170.699432 1311868171.699419 1311868170.700100 1311868171.700100 0.344466 0.252922
1311868170.731397 1311868171.731499 1311868170.730100 1311868171.730200 0.315583 0.246217
1311868170.763453 1311868171.763455 1311868170.763400 1311868171.763500 0.285988 0.239603
1311868170.799446 1311868171.799464 1311868170.800100 1311868171.800200 0.250666 0.250520
1311868170.831309 1311868171.831419 1311868170.830100 1311868171.830100 0.240024 0.244889
1311868170.863446 1311868171.831419 1311868170.863500 1311868171.830100 0.206730 0.215024
1311868170.899435 1311868171.899575 1311868170.900100 1311868171.900100 0.176139 0.226858
1311868170.931374 1311868171.931516 1311868170.930100 1311868171.930200 0.157789 0.227491
1311868170.963440 1311868171.931516 1311868170.963500 1311868171.930200 0.153439 0.230407
1311868170.999483 1311868171.999580 1311868171.000100 1311868172.000200 0.124191 0.248609
1311868171.031493 1311868172.031533 1311868171.030100 1311868172.030200 0.114612 0.242711
1311868171.063438 1311868172.063426 1311868171.063400 1311868172.063500 0.096306 0.224834
1311868171.099448 1311868172.099529 1311868171.100100 1311868172.100100 0.094412 0.217742
1311868171.131477 1311868172.131546 1311868171.130100 1311868172.130100 0.086955 0.219266
1311868171.163447 1311868172.163558 1311868171.163400 1311868172.163500 0.107907 0.224668
1311868171.199444 1311868172.199781 1311868171.200200 1311868172.200200 0.130744 0.213678
1311868171.231391 1311868172.199781 1311868171.230100 1311868172.200200 0.133112 0.205321
1311868171.263404 1311868172.263475 1311868171.263400 1311868172.263500 0.164700 0.208566
1311868171.299368 1311868172.299544 1311868171.300100 1311868172.300200 0.220871 0.213810
1311868171.331406 1311868172.299544 1311868171.330100 1311868172.300200 0.229437 0.202071
1311868171.363479 1311868172.363479 1311868171.363400 1311868172.363500 0.268929 0.191103
1311868171.399409 1311868172.399483 1311868171.400200 1311868172.400200 0.279686 0.180296
1311868171.463459 1311868172.463477 1311868171.463400 1311868172.463500 0.306637 0.180390
1311868171.499514 1311868172.499467 1311868171.500100 1311868172.500200 0.332700 0.190008
1311868171.531471 1311868172.499467 1311868171.530100 1311868172.500200 0.331405 0.190179
1311868171.563381 1311868172.563601 1311868171.563500 1311868172.563500 0.343818 0.202503
1311868171.599490 1311868172.599590 1311868171.600100 1311868172.600200 0.342739 0.201989
1311868171.631528 1311868172.631587 1311868171.630100 1311868172.630200 0.345582 0.208571
1311868171.663411 1311868172.663612 1311868171.663500 1311868172.663500 0.351552 0.195744
1311868171.699419 1311868172.699619 1311868171.700100 1311868172.700200 0.351140 0.194777
1311868171.731499 1311868172.699619 1311868171.730200 1311868172.700200 0.345790 0.187926
1311868171.763455 1311868172.763469 1311868171.763500 1311868172.763500 0.356555 0.210112
1311868171.799464 1311868172.799623 1311868171.800200 1311868172.793600 0.355589 0.223045
1311868171.831419 1311868172.799623 1311868171.830100 1311868172.793600 0.349439 0.228983
1311868171.899575 1311868172.899539 1311868171.900100 1311868172.893600 0.337893 0.270008
1311868171.931516 1311868172.931607 1311868171.930200 1311868172.930200 0.333554 0.280436
1311868172.063426 1311868173.067546 1311868172.063500 1311868173.066800 0.306940 0.327902
1311868172.099529 1311868173.099605 1311868172.100100 1311868173.100200 0.302009 0.344194
1311868172.131546 1311868173.131499 1311868172.130100 1311868173.130200 0.297326 0.350789
1311868172.163558 1311868173.167457 1311868172.163500 1311868173.170200 0.287018 0.337006
1311868172.263475 1311868173.267665 1311868172.263500 1311868173.266800 0.294383 0.336026
1311868172.299544 1311868173.299659 1311868172.300200 1311868173.300200 0.269805 0.334364
1311868172.399483 1311868173.399596 1311868172.400200 1311868173.393600 0.260382 0.323611
1311868172.463477 1311868173.467604 1311868172.463500 1311868173.466900 0.246966 0.314327
1311868172.499467 1311868173.467604 1311868172.500200 1311868173.466900 0.233510 0.287857
1311868172.563601 1311868173.567616 1311868172.563500 1311868173.573500 0.222174 0.267637
1311868172.599590 1311868173.567616 1311868172.600200 1311868173.573500 0.215253 0.261690
1311868172.699619 1311868173.699670 1311868172.700200 1311868173.700200 0.201164 0.203081
1311868172.763469 1311868173.767623 1311868172.763500 1311868173.773600 0.200835 0.153419
1311868172.863483 1311868173.867507 1311868172.863500 1311868173.866900 0.186424 0.139217
1311868172.899539 1311868173.867507 1311868172.893600 1311868173.866900 0.180513 0.134380
1311868173.167457 1311868174.167874 1311868173.170200 1311868174.173600 0.284656 0.431677
1311868173.531628 1311868174.531708 1311868173.533500 1311868174.530200 0.430231 0.450548
1311868173.567616 1311868174.567585 1311868173.573500 1311868174.566900 0.426030 0.456921
1311868173.699670 1311868174.699578 1311868173.700200 1311868174.700200 0.396250 0.467014
1311868173.731607 1311868174.731625 1311868173.733600 1311868174.730300 0.392683 0.466688
1311868173.767623 1311868174.767680 1311868173.773600 1311868174.766900 0.366795 0.444264
1311868173.831620 1311868174.831815 1311868173.836900 1311868174.830200 0.356282 0.414639
1311868173.867507 1311868174.867798 1311868173.866900 1311868174.867000 0.351281 0.403843
1311868174.167874 1311868175.167807 1311868174.173600 1311868175.173600 0.384984 0.335148
1311868174.499672 1311868175.499770 1311868174.503600 1311868175.496900 0.490600 0.448228
1311868174.567585 1311868175.567800 1311868174.566900 1311868175.573600 0.476479 0.441910
1311868174.631772 1311868175.631778 1311868174.630200 1311868175.630300 0.458276 0.438689
1311868174.731625 1311868175.731708 1311868174.730300 1311868175.730300 0.483858 0.510693
1311868174.799810 1311868175.799815 1311868174.800200 1311868175.800300 0.478284 0.511935
1311868174.831815 1311868175.831761 1311868174.830200 1311868175.830500 0.477130 0.510318
1311868174.899678 1311868175.899663 1311868174.900300 1311868175.900300 0.475572 0.458245
1311868174.967694 1311868175.967871 1311868174.966900 1311868175.967000 0.487020 0.413231
1311868175.099631 1311868176.099801 1311868175.100300 1311868176.100300 0.404301 0.385040
1311868175.167807 1311868176.167963 1311868175.173600 1311868176.166900 0.479858 0.408713
1311868175.199578 1311868176.199892 1311868175.193600 1311868176.200300 0.495591 0.428600
1311868175.231818 1311868176.231937 1311868175.233600 1311868176.230500 0.599214 0.442309
1311868175.299978 1311868176.299834 1311868175.303600 1311868176.300300 0.626709 0.324732
1311868175.400048 1311868176.399921 1311868175.400300 1311868176.393700 0.628238 0.275595
1311868175.431994 1311868176.431678 1311868175.427000 1311868176.427000 0.613140 0.275111
1311868175.499770 1311868176.499760 1311868175.496900 1311868176.500300 0.573718 0.278526
1311868175.567800 1311868176.567758 1311868175.573600 1311868176.567000 0.539162 0.305702
1311868175.631778 1311868176.631719 1311868175.630300 1311868176.630400 0.512103 0.342626
1311868175.731708 1311868176.731819 1311868175.730300 1311868176.730400 0.491332 0.354118
1311868175.799815 1311868176.799720 1311868175.800300 1311868176.800400 0.471514 0.355857
1311868175.831761 1311868176.831887 1311868175.830500 1311868176.830400 0.466413 0.347305
1311868175.899663 1311868176.899837 1311868175.900300 1311868176.900400 0.444347 0.356639
1311868175.967871 1311868176.967856 1311868175.967000 1311868176.967000 0.382032 0.309536
1311868175.999870 1311868176.999907 1311868176.000300 1311868177.000400 0.362444 0.256791
1311868176.032043 1311868177.031966 1311868176.027000 1311868177.030400 0.362972 0.231716
1311868176.067949 1311868177.067892 1311868176.067000 1311868177.067000 0.361856 0.163599
1311868176.099801 1311868177.099730 1311868176.100300 1311868177.100400 0.364046 0.145686
1311868176.131691 1311868177.131895 1311868176.130300 1311868177.130400 0.349616 0.131930
1311868176.167963 1311868177.168091 1311868176.166900 1311868177.167100 0.326479 0.078769
1311868176.199892 1311868177.199869 1311868176.200300 1311868177.200400 0.329975 0.065220
1311868176.231937 1311868177.231903 1311868176.230500 1311868177.230400 0.343094 0.063720
1311868176.267779 1311868177.267807 1311868176.270400 1311868177.267100 0.384485 0.025155
1311868176.299834 1311868177.299871 1311868176.300300 1311868177.300400 0.427211 0.098827
1311868176.331871 1311868177.331730 1311868176.330300 1311868177.330400 0.452192 0.114836
1311868176.367752 1311868177.367900 1311868176.367000 1311868177.367100 0.462667 0.130427
1311868176.399921 1311868177.399987 1311868176.393700 1311868177.400400 0.488980 0.181030
1311868176.431678 1311868177.431827 1311868176.427000 1311868177.430400 0.500905 0.196635
1311868176.467865 1311868177.467848 1311868176.467100 1311868177.467100 0.507120 0.224478
1311868176.499760 1311868177.499762 1311868176.500300 1311868177.500500 0.496873 0.205450
1311868176.531915 1311868177.531751 1311868176.530400 1311868177.530400 0.497743 0.208148
1311868176.567758 1311868177.567851 1311868176.567000 1311868177.567100 0.486147 0.183335
1311868176.602124 1311868177.599732 1311868176.600400 1311868177.600400 0.465220 0.160669
1311868176.631719 1311868177.632083 1311868176.630400 1311868177.630600 0.446104 0.155586
1311868176.667782 1311868177.667866 1311868176.667000 1311868177.667100 0.401563 0.121717
1311868176.699787 1311868177.699913 1311868176.700400 1311868177.693700 0.390876 0.139209
1311868176.731819 1311868177.731996 1311868176.730400 1311868177.730400 0.385656 0.149292
1311868176.767814 1311868177.767937 1311868176.767000 1311868177.770500 0.399917 0.137538
1311868176.799720 1311868177.799899 1311868176.800400 1311868177.800400 0.408710 0.137449
1311868176.831887 1311868177.832005 1311868176.830400 1311868177.830400 0.378224 0.138917
1311868176.867790 1311868177.867810 1311868176.867000 1311868177.867100 0.387489 0.140761
1311868176.899837 1311868177.899856 1311868176.900400 1311868177.900400 0.384576 0.119744
1311868176.931762 1311868177.931937 1311868176.933700 1311868177.933700 0.379716 0.104429
1311868176.967856 1311868177.967919 1311868176.967000 1311868177.967100 0.390866 0.091204
1311868176.999907 1311868178.000124 1311868177.000400 1311868178.000400 0.345998 0.060950
1311868177.031966 1311868178.031988 1311868177.030400 1311868178.030400 0.330491 0.046245
1311868177.067892 1311868178.068015 1311868177.067000 1311868178.067100 0.277742 0.046085
1311868177.099730 1311868178.100039 1311868177.100400 1311868178.100400 0.243202 0.065245
1311868177.131895 1311868178.131987 1311868177.130400 1311868178.130400 0.264648 0.072953
1311868177.168091 1311868178.167955 1311868177.167100 1311868178.167100 0.265438 0.107646
1311868177.199869 1311868178.199855 1311868177.200400 1311868178.200400 0.254524 0.137144
1311868177.231903 1311868178.231966 1311868177.230400 1311868178.230400 0.256019 0.122899
1311868177.267807 1311868178.267968 1311868177.267100 1311868178.267300 0.247854 0.119010
1311868177.299871 1311868178.299815 1311868177.300400 1311868178.300400 0.252014 0.095567
1311868177.331730 1311868178.332180 1311868177.330400 1311868178.333800 0.264245 0.098851
1311868177.367900 1311868178.367989 1311868177.367100 1311868178.367100 0.282282 0.098991
1311868177.399987 1311868178.400074 1311868177.400400 1311868178.400400 0.285366 0.107560
1311868177.431827 1311868178.432167 1311868177.430400 1311868178.433800 0.297946 0.135936
1311868177.467848 1311868178.467895 1311868177.467100 1311868178.467100 0.300733 0.166594
1311868177.499762 1311868178.500102 1311868177.500500 1311868178.500400 0.306782 0.166360
1311868177.531751 1311868178.531933 1311868177.530400 1311868178.530500 0.322974 0.167350
1311868177.567851 1311868178.567928 1311868177.567100 1311868178.567100 0.324476 0.163719
1311868177.599732 1311868178.600064 1311868177.600400 1311868178.593800 0.335270 0.138867
1311868177.632083 1311868178.632030 1311868177.630600 1311868178.630500 0.325899 0.132321
1311868177.667866 1311868178.668047 1311868177.667100 1311868178.667100 0.324492 0.146874
1311868177.699913 1311868178.699917 1311868177.693700 1311868178.700400 0.320537 0.157409
1311868177.731996 1311868178.731905 1311868177.730400 1311868178.730500 0.335495 0.155262
1311868177.767937 1311868178.767938 1311868177.770500 1311868178.767100 0.346858 0.123831
1311868177.799899 1311868178.799974 1311868177.800400 1311868178.793800 0.350851 0.136489
1311868177.867810 1311868178.867919 1311868177.867100 1311868178.867100 0.375932 0.187105
1311868177.899856 1311868178.900038 1311868177.900400 1311868178.900500 0.388248 0.188430
1311868177.931937 1311868178.932267 1311868177.933700 1311868178.933800 0.397365 0.211137
1311868177.967919 1311868178.967934 1311868177.967100 1311868178.967100 0.422754 0.238765
1311868178.000124 1311868179.000009 1311868178.000400 1311868179.000500 0.430983 0.286187
1311868178.031988 1311868179.032182 1311868178.030400 1311868179.033800 0.447690 0.315950
1311868178.068015 1311868179.067847 1311868178.067100 1311868179.067200 0.465007 0.341142
1311868178.100039 1311868179.100093 1311868178.100400 1311868179.100500 0.505624 0.358281
1311868178.131987 1311868179.132026 1311868178.130400 1311868179.130500 0.515783 0.384540
1311868178.167955 1311868179.167985 1311868178.167100 1311868179.167100 0.519690 0.413921
1311868178.199855 1311868179.200163 1311868178.200400 1311868179.197200 0.543651 0.409337
1311868178.231966 1311868179.232011 1311868178.230400 1311868179.230400 0.576187 0.421377
1311868178.299815 1311868179.300467 1311868178.300400 1311868179.300400 0.581348 0.435467
1311868178.332180 1311868179.333050 1311868178.333800 1311868179.333800 0.613179 0.420792
1311868178.367989 1311868179.368133 1311868178.367100 1311868179.363800 0.603228 0.417338
1311868178.400074 1311868179.400093 1311868178.400400 1311868179.400500 0.615346 0.428472
1311868178.467895 1311868179.467999 1311868178.467100 1311868179.467200 0.606463 0.417177
1311868178.500102 1311868179.500080 1311868178.500400 1311868179.500500 0.609327 0.435700
1311868178.531933 1311868179.532184 1311868178.530500 1311868179.533800 0.585329 0.445509
1311868178.567928 1311868179.567958 1311868178.567100 1311868179.567100 0.568752 0.442165
1311868178.600064 1311868179.600201 1311868178.593800 1311868179.600500 0.569745 0.440774
1311868178.632030 1311868179.632001 1311868178.630500 1311868179.627200 0.550252 0.421386
1311868178.668047 1311868179.668182 1311868178.667100 1311868179.667100 0.543764 0.441947
1311868178.699917 1311868179.700151 1311868178.700400 1311868179.700500 0.525582 0.476516
1311868178.731905 1311868179.732177 1311868178.730500 1311868179.733800 0.505404 0.468456
1311868178.767938 1311868179.768285 1311868178.767100 1311868179.763800 0.466141 0.386580
1311868178.799974 1311868179.800056 1311868178.793800 1311868179.793900 0.439631 0.358672
1311868179.032182 1311868180.031945 1311868179.033800 1311868180.030500 0.319062 0.251064
1311868179.200163 1311868180.200023 1311868179.197200 1311868180.200500 0.342770 0.193255
1311868179.400093 1311868180.400081 1311868179.400500 1311868180.393800 0.469666 0.185677
1311868182.536127 1311868183.536275 1311868182.540600 1311868183.537300 0.339220 0.366515
1311868182.668039 1311868183.668587 1311868182.667300 1311868183.667300 0.413284 0.419395
1311868182.836155 1311868183.836230 1311868182.840600 1311868183.837400 0.531521 0.374002
1311868182.868215 1311868183.868506 1311868182.874000 1311868183.870700 0.531958 0.365428
1311868182.936274 1311868183.936316 1311868182.937300 1311868183.937300 0.538472 0.339001
1311868182.968092 1311868183.968498 1311868182.967300 1311868183.970700 0.531485 0.320619
1311868183.068333 1311868184.070267 1311868183.067400 1311868184.070700 0.428201 0.240652
1311868183.200276 1311868184.200464 1311868183.204000 1311868184.200700 0.291048 0.164616
1311868183.300363 1311868184.300643 1311868183.297300 1311868184.297400 0.199649 0.227268
1311868183.400232 1311868184.400303 1311868183.397300 1311868184.400700 0.214334 0.237611
1311868183.500255 1311868184.500438 1311868183.494000 1311868184.504100 0.335278 0.203789
1311868183.568369 1311868184.568437 1311868183.567300 1311868184.574000 0.399448 0.199694
1311868183.636216 1311868184.636350 1311868183.637300 1311868184.637400 0.500972 0.169388
1311868183.668587 1311868184.668352 1311868183.667300 1311868184.667400 0.543920 0.154833
1311868183.700230 1311868184.700710 1311868183.700700 1311868184.694200 0.564173 0.134103
1311868183.736414 1311868184.736501 1311868183.737400 1311868184.737400 0.610226 0.113099
1311868183.768221 1311868184.768456 1311868183.770800 1311868184.767400 0.666179 0.105539
1311868183.800370 1311868184.800366 1311868183.800700 1311868184.800700 0.685241 0.117081
1311868183.836230 1311868184.836324 1311868183.837400 1311868184.837300 0.704239 0.129779
1311868183.868506 1311868184.868735 1311868183.870700 1311868184.867400 0.717016 0.128298
1311868183.900249 1311868184.900445 1311868183.894000 1311868184.900800 0.782791 0.173601
1311868183.936316 1311868184.936308 1311868183.937300 1311868184.937400 0.802476 0.177795
1311868183.968498 1311868184.968436 1311868183.970700 1311868184.967400 0.832146 0.185277
1311868184.000440 1311868185.000422 1311868183.997500 1311868185.000700 0.858879 0.185820
1311868184.036316 1311868185.036432 1311868184.037400 1311868185.037400 0.891936 0.176145
1311868184.070267 1311868185.068440 1311868184.070700 1311868185.067400 0.903723 0.182591
1311868184.100684 1311868185.100898 1311868184.100800 1311868185.100800 0.899713 0.164158
1311868184.200464 1311868185.200754 1311868184.200700 1311868185.200800 0.988973 0.213389
1311868184.236434 1311868185.236390 1311868184.237300 1311868185.237400 0.928745 0.181389
1311868184.268504 1311868185.268543 1311868184.267400 1311868185.267400 0.927837 0.175513
1311868184.300643 1311868185.300484 1311868184.297400 1311868185.300700 0.889014 0.172785
1311868184.336293 1311868185.337903 1311868184.330700 1311868185.337400 0.884672 0.179492
1311868184.368210 1311868185.368510 1311868184.367400 1311868185.367400 0.895788 0.196533
1311868184.400303 1311868185.401199 1311868184.400700 1311868185.400700 0.906857 0.204620
1311868184.436272 1311868185.436438 1311868184.437400 1311868185.437500 0.866394 0.203412
1311868184.468412 1311868185.468575 1311868184.467400 1311868185.467400 0.827855 0.198566
1311868184.500438 1311868185.500443 1311868184.504100 1311868185.500800 0.813029 0.218686
1311868184.568437 1311868185.568460 1311868184.574000 1311868185.567400 0.811073 0.236566
1311868184.600381 1311868185.600364 1311868184.600700 1311868185.600800 0.795794 0.311264
1311868184.636350 1311868185.636409 1311868184.637400 1311868185.637400 0.785834 0.345992
1311868184.668352 1311868185.668624 1311868184.667400 1311868185.667400 0.824515 0.444717
1311868184.700710 1311868185.701972 1311868184.694200 1311868185.700800 0.867099 0.493033
1311868184.736501 1311868185.736700 1311868184.737400 1311868185.737400 0.880007 0.571134
1311868184.768456 1311868185.768630 1311868184.767400 1311868185.774900 0.887020 0.571600
1311868184.800366 1311868185.800441 1311868184.800700 1311868185.800700 0.896366 0.579831
1311868184.836324 1311868185.836824 1311868184.837300 1311868185.834100 0.897423 0.583380
1311868184.868735 1311868185.868447 1311868184.867400 1311868185.867400 0.897595 0.566602
1311868184.900445 1311868185.900384 1311868184.900800 1311868185.900800 0.821461 0.507819
1311868184.936308 1311868185.936471 1311868184.937400 1311868185.937400 0.790989 0.507276
1311868184.968436 1311868185.968391 1311868184.967400 1311868185.967500 0.760777 0.494506
1311868185.000422 1311868186.000413 1311868185.000700 1311868186.000700 0.739628 0.469502
1311868185.036432 1311868186.036453 1311868185.037400 1311868186.037500 0.724154 0.505734
1311868185.068440 1311868186.068672 1311868185.067400 1311868186.067500 0.719766 0.517477
1311868185.100898 1311868186.103248 1311868185.100800 1311868186.104100 0.711948 0.517877
1311868185.168559 1311868186.168524 1311868185.167400 1311868186.167400 0.657153 0.474219
1311868185.200754 1311868186.200391 1311868185.200800 1311868186.197500 0.672173 0.506517
1311868185.236390 1311868186.237659 1311868185.237400 1311868186.237500 0.665389 0.465166
1311868185.268543 1311868186.268650 1311868185.267400 1311868186.267500 0.654094 0.435495
1311868185.300484 1311868186.300401 1311868185.300700 1311868186.300800 0.624833 0.379400
1311868185.337903 1311868186.336402 1311868185.337400 1311868186.337400 0.638419 0.369421
1311868185.368510 1311868186.368410 1311868185.367400 1311868186.367500 0.638897 0.354911
1311868185.401199 1311868186.400544 1311868185.400700 1311868186.400800 0.682231 0.423072
1311868185.436438 1311868186.436523 1311868185.437500 1311868186.437500 0.648757 0.409740
1311868185.468575 1311868186.468526 1311868185.467400 1311868186.467500 0.677890 0.470293
1311868185.500443 1311868186.500490 1311868185.500800 1311868186.500800 0.715992 0.523435
1311868185.536414 1311868186.537052 1311868185.537400 1311868186.537500 0.728250 0.520902
1311868185.568460 1311868186.568549 1311868185.567400 1311868186.567500 0.791469 0.462301
1311868185.600364 1311868186.600576 1311868185.600800 1311868186.600800 0.755352 0.425507
1311868185.636409 1311868186.636497 1311868185.637400 1311868186.640800 0.740969 0.402203
1311868185.668624 1311868186.668623 1311868185.667400 1311868186.667500 0.711317 0.343190
1311868185.701972 1311868186.702517 1311868185.700800 1311868186.704100 0.724672 0.337950
1311868185.736700 1311868186.736720 1311868185.737400 1311868186.737500 0.708933 0.305268
1311868185.768630 1311868186.768504 1311868185.774900 1311868186.767500 0.696498 0.267972
1311868185.800441 1311868186.800524 1311868185.800700 1311868186.800800 0.719596 0.230506
1311868185.836824 1311868186.836721 1311868185.834100 1311868186.837500 0.718712 0.226913
1311868185.868447 1311868186.869317 1311868185.867400 1311868186.870800 0.762723 0.260438
1311868185.900384 1311868186.900515 1311868185.900800 1311868186.900900 0.729945 0.305327
1311868185.936471 1311868186.936400 1311868185.937400 1311868186.937500 0.736352 0.322516
1311868185.968391 1311868186.968636 1311868185.967500 1311868186.967500 0.727781 0.342150
1311868186.000413 1311868187.000505 1311868186.000700 1311868187.000800 0.738051 0.348529
1311868186.036453 1311868187.036707 1311868186.037500 1311868187.037500 0.752344 0.292644
1311868186.068672 1311868187.068458 1311868186.067500 1311868187.067500 0.760902 0.269251
1311868186.103248 1311868187.101696 1311868186.104100 1311868187.100900 0.773794 0.274306
1311868186.136633 1311868187.136587 1311868186.137500 1311868187.137500 0.812863 0.243516
1311868186.200391 1311868187.201269 1311868186.197500 1311868187.200900 0.773219 0.157971
1311868186.237659 1311868187.236433 1311868186.237500 1311868187.237500 0.768282 0.167269
1311868186.268650 1311868187.268822 1311868186.267500 1311868187.267500 0.776312 0.188698
1311868186.300401 1311868187.300515 1311868186.300800 1311868187.300800 0.766616 0.232407
1311868186.336402 1311868187.336611 1311868186.337400 1311868187.330800 0.745507 0.235639
1311868186.368410 1311868187.368415 1311868186.367500 1311868187.367500 0.734357 0.237805
1311868186.400544 1311868187.400493 1311868186.400800 1311868187.400800 0.711100 0.191056
1311868186.436523 1311868187.436706 1311868186.437500 1311868187.437500 0.722630 0.217067
1311868186.468526 1311868187.468568 1311868186.467500 1311868187.464200 0.692849 0.189229
1311868186.500490 1311868187.500548 1311868186.500800 1311868187.497500 0.688245 0.160702
1311868186.537052 1311868187.537564 1311868186.537500 1311868187.534200 0.672353 0.143491
1311868186.568549 1311868187.568523 1311868186.567500 1311868187.574200 0.638324 0.212256
1311868186.600576 1311868187.600502 1311868186.600800 1311868187.600900 0.671997 0.273540
1311868186.636497 1311868187.636477 1311868186.640800 1311868187.634200 0.670671 0.299254
1311868186.668623 1311868187.668730 1311868186.667500 1311868187.667500 0.724496 0.283368
1311868186.702517 1311868187.700555 1311868186.704100 1311868187.697900 0.717710 0.231323
1311868186.736720 1311868187.736522 1311868186.737500 1311868187.737500 0.721188 0.228827
1311868186.768504 1311868187.768746 1311868186.767500 1311868187.767500 0.747950 0.247231
1311868186.869317 1311868187.868577 1311868186.870800 1311868187.867500 0.803522 0.184694
1311868186.900515 1311868187.900542 1311868186.900900 1311868187.900900 0.835610 0.172065
1311868186.936400 1311868187.936595 1311868186.937500 1311868187.937500 0.839612 0.170827
1311868186.968636 1311868187.968459 1311868186.967500 1311868187.967600 0.873719 0.170689
1311868187.068458 1311868188.068520 1311868187.067500 1311868188.070900 0.945606 0.167829
1311868187.101696 1311868188.100428 1311868187.100900 1311868188.104200 0.971309 0.189588
1311868187.236433 1311868188.236529 1311868187.237500 1311868188.230900 0.934294 0.224883
1311868187.268822 1311868188.268577 1311868187.267500 1311868188.274100 0.919594 0.204806
1311868187.300515 1311868188.300900 1311868187.300800 1311868188.297600 0.830991 0.186717
1311868187.336611 1311868188.336811 1311868187.330800 1311868188.330900 0.796702 0.183726
1311868187.436706 1311868188.437067 1311868187.437500 1311868188.430900 0.645049 0.179648
1311868187.468568 1311868188.468574 1311868187.464200 1311868188.467600 0.635899 0.190676
1311868187.568523 1311868188.568686 1311868187.574200 1311868188.567800 0.548282 0.233896
1311868187.600502 1311868188.601444 1311868187.600900 1311868188.600900 0.489197 0.229477
1311868187.700555 1311868188.703460 1311868187.697900 1311868188.707600 0.408127 0.204871
1311868187.936595 1311868188.936521 1311868187.937500 1311868188.934200 0.467032 0.162120