Idx RGB_file Qw Qx Qy Qz Tx Ty Tz
0 rgb/1305031526.671473.png 1 0 0 0 0 0 0
1 rgb/1305031526.707547.png 0.999882 0.0113616 0.0101498 0.00190883 0.00561679 -0.00651203 -0.00572699
2 rgb/1305031526.771481.png 0.99841 0.0436906 0.0356082 0.00109081 0.00964885 -0.0181834 -0.0236082
3 rgb/1305031526.807455.png 0.996263 0.0705739 0.0497894 -0.000992166 0.00694048 -0.0221562 -0.0352332
4 rgb/1305031526.871446.png 0.9908 0.11426 0.071921 -0.00930379 -0.00267429 -0.012748 -0.0579631
5 rgb/1305031526.907484.png 0.986876 0.137332 0.0839579 -0.0129054 -0.00897188 -0.00502808 -0.0698102
6 rgb/1305031526.939618.png 0.983181 0.155511 0.0946293 -0.0147428 -0.0150695 -0.00369637 -0.0799995
7 rgb/1305031526.971510.png 0.979034 0.17492 0.102962 -0.0171441 -0.0188154 -0.0011143 -0.0918585
8 rgb/1305031527.007595.png 0.975284 0.190741 0.110118 -0.0176745 -0.0235948 0.007261 -0.100082
9 rgb/1305031527.039512.png 0.971881 0.204079 0.11593 -0.0189541 -0.0234402 0.000211407 -0.107411
10 rgb/1305031527.071487.png 0.967087 0.222093 0.122692 -0.019074 -0.0260004 0.0146378 -0.114844
11 rgb/1305031527.107498.png 0.964469 0.230906 0.127143 -0.017812 -0.0281849 0.0192442 -0.118585
12 rgb/1305031527.139473.png 0.961334 0.241566 0.130855 -0.0189888 -0.0256652 0.0187499 -0.122279
13 rgb/1305031527.171540.png 0.95861 0.248572 0.137804 -0.0169793 -0.0368619 0.0283567 -0.135856
14 rgb/1305031527.207588.png 0.957605 0.251086 0.140245 -0.0167034 -0.0405707 0.0418953 -0.139804
15 rgb/1305031527.271501.png 0.957886 0.246022 0.147503 -0.0130847 -0.0651942 0.0765187 -0.149629
16 rgb/1305031527.307472.png 0.96004 0.238409 0.146227 -0.0100666 -0.0707288 0.086123 -0.150055
17 rgb/1305031527.339636.png 0.962608 0.230052 0.142936 -0.0055242 -0.0718925 0.0923224 -0.145721
18 rgb/1305031527.371505.png 0.964417 0.223404 0.14136 -0.00288813 -0.0714751 0.103392 -0.139828
19 rgb/1305031527.407412.png 0.966453 0.214178 0.141764 0.000147721 -0.0713743 0.107624 -0.13502
20 rgb/1305031527.439476.png 0.968453 0.204494 0.14238 0.00311718 -0.0710822 0.112196 -0.130726
21 rgb/1305031527.471497.png 0.970446 0.195128 0.141884 0.00532061 -0.0707264 0.114092 -0.125561
22 rgb/1305031527.507487.png 0.972378 0.185934 0.140953 0.00638948 -0.0698135 0.118313 -0.12122
23 rgb/1305031527.539741.png 0.973976 0.177025 0.141359 0.00704325 -0.0698537 0.126218 -0.117358
24 rgb/1305031527.571506.png 0.975881 0.1655 0.142158 0.00754387 -0.0714492 0.133468 -0.112176
25 rgb/1305031527.607559.png 0.97822 0.151343 0.141814 0.00836941 -0.0709928 0.13605 -0.107465
26 rgb/1305031527.671547.png 0.983869 0.116184 0.135761 0.00848996 -0.0816615 0.138035 -0.101234
27 rgb/1305031527.707520.png 0.987015 0.0996239 0.125463 0.0116242 -0.0777814 0.12726 -0.0967556
28 rgb/1305031527.771461.png 0.990289 0.0804202 0.112445 0.0147137 -0.0812892 0.126343 -0.0897175
29 rgb/1305031527.807581.png 0.991953 0.06955 0.104591 0.0158923 -0.0838991 0.121991 -0.0870446
30 rgb/1305031527.839601.png 0.99327 0.0645405 0.0948127 0.0161215 -0.0891253 0.122445 -0.0835298
31 rgb/1305031527.871464.png 0.994867 0.058521 0.0815127 0.0130926 -0.0944625 0.128306 -0.0789737
32 rgb/1305031527.907477.png 0.996522 0.0487376 0.0670345 0.00870132 -0.097277 0.124851 -0.0738194
33 rgb/1305031527.939566.png 0.997815 0.0438796 0.0493946 -0.000499349 -0.099695 0.116096 -0.0658252
34 rgb/1305031527.971502.png 0.998213 0.0489349 0.0310116 -0.0146402 -0.10538 0.122141 -0.0629466
35 rgb/1305031528.039560.png 0.997594 0.0512124 -0.00464729 -0.0465044 -0.125686 0.12035 -0.055625
36 rgb/1305031528.071546.png 0.995993 0.0592362 -0.0246174 -0.0623122 -0.128345 0.125358 -0.0546552
37 rgb/1305031528.107513.png 0.993896 0.0648312 -0.0418762 -0.0788267 -0.140747 0.127287 -0.0555672
38 rgb/1305031528.139513.png 0.990809 0.0718926 -0.0611606 -0.096892 -0.147426 0.133497 -0.0543225
39 rgb/1305031528.171523.png 0.987569 0.0759937 -0.0759791 -0.114719 -0.154231 0.135697 -0.0547746
40 rgb/1305031528.207527.png 0.984059 0.0818695 -0.0862527 -0.132236 -0.163687 0.133657 -0.0555464
41 rgb/1305031528.239493.png 0.980345 0.0928271 -0.0939166 -0.146585 -0.175481 0.140249 -0.0600697
42 rgb/1305031528.275450.png 0.976518 0.10019 -0.104154 -0.15977 -0.193716 0.146129 -0.0664443
43 rgb/1305031528.307665.png 0.970956 0.108694 -0.124052 -0.173325 -0.213699 0.149211 -0.0698574
44 rgb/1305031528.339593.png 0.96455 0.118028 -0.148576 -0.183409 -0.222656 0.154922 -0.0779559
45 rgb/1305031528.375435.png 0.95857 0.123194 -0.172762 -0.190056 -0.235284 0.159663 -0.0863744
46 rgb/1305031528.407459.png 0.950533 0.128584 -0.202846 -0.196996 -0.247737 0.163525 -0.0909276
47 rgb/1305031528.439469.png 0.941493 0.132976 -0.233652 -0.20326 -0.255735 0.170006 -0.0979013
48 rgb/1305031528.475342.png 0.931813 0.134293 -0.265678 -0.207619 -0.25431 0.174355 -0.106367
49 rgb/1305031528.539626.png 0.909385 0.136178 -0.330044 -0.213415 -0.260895 0.19049 -0.121321
50 rgb/1305031528.575449.png 0.897547 0.131164 -0.359745 -0.218607 -0.259679 0.197009 -0.124604
51 rgb/1305031528.607841.png 0.886426 0.1258 -0.385706 -0.222832 -0.262865 0.200436 -0.127209
52 rgb/1305031528.639487.png 0.876287 0.121028 -0.406628 -0.228317 -0.26532 0.205709 -0.130514
53 rgb/1305031528.707447.png 0.86274 0.100828 -0.429603 -0.24689 -0.270759 0.213283 -0.139897
54 rgb/1305031528.739609.png 0.857566 0.0920892 -0.436852 -0.255462 -0.273295 0.218684 -0.141385
55 rgb/1305031528.775443.png 0.854909 0.0822295 -0.439052 -0.263823 -0.276871 0.226461 -0.143438
56 rgb/1305031528.807559.png 0.853548 0.0700782 -0.438519 -0.272481 -0.281932 0.236682 -0.151466
57 rgb/1305031528.839572.png 0.850977 0.0576046 -0.43986 -0.281146 -0.288197 0.246038 -0.157778
58 rgb/1305031528.875433.png 0.848259 0.0442136 -0.441483 -0.289129 -0.292301 0.255416 -0.160881
59 rgb/1305031528.907519.png 0.846464 0.0280859 -0.440997 -0.297039 -0.299172 0.263968 -0.162631
60 rgb/1305031528.939602.png 0.846188 0.0078912 -0.438369 -0.302879 -0.312163 0.268384 -0.165562
61 rgb/1305031528.975465.png 0.847512 -0.00604028 -0.437412 -0.300596 -0.319378 0.280171 -0.17208
62 rgb/1305031529.007487.png 0.849718 -0.0194754 -0.433192 -0.299908 -0.322974 0.299219 -0.179293
63 rgb/1305031529.039494.png 0.853015 -0.0368005 -0.425625 -0.299758 -0.332723 0.312086 -0.183645
64 rgb/1305031529.075422.png 0.86036 -0.0548217 -0.413894 -0.292349 -0.344465 0.321764 -0.186486
65 rgb/1305031529.107523.png 0.870149 -0.0668131 -0.398436 -0.28218 -0.35518 0.336407 -0.196936
66 rgb/1305031529.139597.png 0.88078 -0.0806812 -0.382521 -0.267198 -0.366978 0.353694 -0.210055
67 rgb/1305031529.175411.png 0.890544 -0.0959521 -0.367607 -0.250182 -0.377493 0.372083 -0.221934
68 rgb/1305031529.207466.png 0.898251 -0.112769 -0.352201 -0.237451 -0.388671 0.39149 -0.234313
69 rgb/1305031529.239515.png 0.902913 -0.129199 -0.33792 -0.23209 -0.399854 0.407214 -0.243779
70 rgb/1305031529.275389.png 0.907449 -0.143985 -0.319955 -0.231158 -0.412895 0.423021 -0.254994
71 rgb/1305031529.307413.png 0.911182 -0.160613 -0.302211 -0.22939 -0.431291 0.431815 -0.263034
72 rgb/1305031529.339486.png 0.914576 -0.172132 -0.286079 -0.228213 -0.446678 0.451 -0.279131
73 rgb/1305031529.375399.png 0.91317 -0.190398 -0.27763 -0.229763 -0.474374 0.455377 -0.283359
74 rgb/1305031529.407513.png 0.912474 -0.191154 -0.277443 -0.232113 -0.491725 0.46607 -0.294919
75 rgb/1305031529.439502.png 0.912465 -0.19136 -0.275004 -0.234866 -0.508927 0.474918 -0.303672
76 rgb/1305031529.475403.png 0.914461 -0.187606 -0.269486 -0.236524 -0.526658 0.484373 -0.317374
77 rgb/1305031529.507485.png 0.914509 -0.18553 -0.267051 -0.240698 -0.544602 0.487301 -0.322911
78 rgb/1305031529.539489.png 0.918114 -0.175899 -0.260004 -0.241919 -0.560999 0.493585 -0.334653
79 rgb/1305031529.607479.png 0.925235 -0.167714 -0.243292 -0.237954 -0.594704 0.512828 -0.35912
80 rgb/1305031529.639746.png 0.928035 -0.16969 -0.236695 -0.232234 -0.610797 0.518964 -0.365781
81 rgb/1305031529.675618.png 0.931621 -0.172879 -0.228576 -0.223493 -0.62601 0.525204 -0.37218
82 rgb/1305031529.707557.png 0.933969 -0.179003 -0.222313 -0.215027 -0.641088 0.528985 -0.375334
83 rgb/1305031529.739568.png 0.936039 -0.182144 -0.216542 -0.209198 -0.652524 0.533738 -0.376223
84 rgb/1305031529.775501.png 0.938551 -0.186752 -0.206273 -0.204202 -0.665554 0.535527 -0.373624
85 rgb/1305031529.807516.png 0.941865 -0.188198 -0.194202 -0.199393 -0.682515 0.529405 -0.367524
86 rgb/1305031529.839505.png 0.948498 -0.176829 -0.17816 -0.193241 -0.700962 0.538293 -0.376148
87 rgb/1305031529.875495.png 0.952306 -0.178538 -0.167016 -0.182603 -0.72225 0.537743 -0.378022
88 rgb/1305031529.939498.png 0.959987 -0.171251 -0.156183 -0.157183 -0.764101 0.539874 -0.384735
89 rgb/1305031529.975501.png 0.96288 -0.169002 -0.151259 -0.146365 -0.782406 0.544588 -0.389319
90 rgb/1305031530.007409.png 0.965152 -0.172955 -0.143348 -0.134241 -0.805602 0.543632 -0.394221
91 rgb/1305031530.039454.png 0.966892 -0.176945 -0.139068 -0.1203 -0.827689 0.539864 -0.399566
92 rgb/1305031530.075443.png 0.968213 -0.179113 -0.136755 -0.108543 -0.846939 0.538767 -0.408624
93 rgb/1305031530.107445.png 0.968616 -0.185832 -0.133434 -0.0971873 -0.869488 0.528377 -0.412258
94 rgb/1305031530.139497.png 0.97002 -0.183697 -0.133637 -0.0863603 -0.887435 0.519992 -0.422302
95 rgb/1305031530.175410.png 0.971091 -0.180802 -0.133349 -0.0806991 -0.904034 0.51429 -0.433403
96 rgb/1305031530.207486.png 0.971698 -0.179413 -0.133245 -0.076555 -0.920804 0.500693 -0.440301
97 rgb/1305031530.239446.png 0.973671 -0.170465 -0.131165 -0.0755138 -0.937068 0.491137 -0.453602
98 rgb/1305031530.275407.png 0.975403 -0.162815 -0.126783 -0.0775113 -0.953756 0.483162 -0.468734
99 rgb/1305031530.307544.png 0.976932 -0.157223 -0.121877 -0.0776711 -0.969736 0.473832 -0.481523
100 rgb/1305031530.339724.png 0.978919 -0.149488 -0.115141 -0.0781953 -0.984812 0.470197 -0.498255
101 rgb/1305031530.375386.png 0.979867 -0.14863 -0.106737 -0.0798656 -1.00124 0.464539 -0.512494
102 rgb/1305031530.407465.png 0.980456 -0.150179 -0.0996302 -0.0789115 -1.01831 0.448688 -0.52171
103 rgb/1305031530.439553.png 0.981936 -0.144443 -0.0930489 -0.0792524 -1.03418 0.438927 -0.536002
104 rgb/1305031530.475439.png 0.983372 -0.139494 -0.0861021 -0.0781491 -1.05075 0.430707 -0.551392
105 rgb/1305031530.507461.png 0.984519 -0.135757 -0.0809402 -0.0757701 -1.05969 0.418039 -0.563118
106 rgb/1305031530.539532.png 0.986012 -0.130334 -0.0715578 -0.0753279 -1.06812 0.396877 -0.57186
107 rgb/1305031530.575433.png 0.98822 -0.119372 -0.0587424 -0.0756434 -1.07653 0.370354 -0.586874
108 rgb/1305031530.607559.png 0.991495 -0.0982199 -0.0415068 -0.0746198 -1.08572 0.366334 -0.607039
109 rgb/1305031530.639507.png 0.993803 -0.0813342 -0.0211262 -0.0727662 -1.09157 0.357522 -0.625892
110 rgb/1305031530.675401.png 0.995242 -0.066709 0.00584734 -0.0707812 -1.10629 0.342111 -0.649958
111 rgb/1305031530.739522.png 0.995996 -0.0238016 0.0620167 -0.0598323 -1.13184 0.3445 -0.695283
112 rgb/1305031530.775437.png 0.994372 -0.0108445 0.0922295 -0.0509936 -1.15353 0.342606 -0.710058
113 rgb/1305031530.807467.png 0.992218 0.00421413 0.117803 -0.0401238 -1.17453 0.359697 -0.729618
114 rgb/1305031530.839463.png 0.989782 0.00928315 0.139396 -0.0285604 -1.20172 0.375403 -0.743773
115 rgb/1305031530.875401.png 0.987864 0.0050539 0.154132 -0.0185135 -1.23162 0.374314 -0.749979
116 rgb/1305031530.939462.png 0.987065 0.0148122 0.159417 -0.00841885 -1.29696 0.385298 -0.749416
117 rgb/1305031530.975286.png 0.988606 0.0151467 0.149555 -0.00794258 -1.32558 0.398983 -0.745478
118 rgb/1305031531.039689.png 0.993074 0.00547225 0.117327 -0.00306569 -1.37926 0.421766 -0.735229
119 rgb/1305031531.075325.png 0.995122 -0.00436994 0.098555 -0.000176944 -1.40211 0.436608 -0.725727
120 rgb/1305031531.139581.png 0.997833 -0.0312018 0.057371 0.00801944 -1.44791 0.430874 -0.697542
121 rgb/1305031531.175355.png 0.998601 -0.0352279 0.037831 0.0111301 -1.47042 0.443113 -0.683954
122 rgb/1305031531.239619.png 0.998419 -0.0532557 0.000365625 0.0179989 -1.52256 0.452963 -0.651441
123 rgb/1305031531.275515.png 0.997771 -0.0590298 -0.0222606 0.02179 -1.53018 0.448563 -0.631402
124 rgb/1305031531.339595.png 0.997055 -0.0561185 -0.0455807 0.0256155 -1.56754 0.464699 -0.597994
125 rgb/1305031531.375434.png 0.996864 -0.0573324 -0.0479531 0.0260032 -1.58324 0.463845 -0.578563
126 rgb/1305031531.439644.png 0.997693 -0.0512031 -0.0338142 0.0290511 -1.62357 0.47463 -0.54888
127 rgb/1305031531.475324.png 0.997746 -0.0515576 -0.0247982 0.0350963 -1.64468 0.465163 -0.531708
128 rgb/1305031531.507602.png 0.998155 -0.0454233 -0.0156252 0.03714 -1.67076 0.471479 -0.520421
129 rgb/1305031531.539487.png 0.997924 -0.0475108 -0.0106333 0.042163 -1.69342 0.465224 -0.504764
130 rgb/1305031531.575392.png 0.997716 -0.0455172 -0.00703877 0.0494265 -1.71358 0.462484 -0.490049
131 rgb/1305031531.607419.png 0.99762 -0.0431495 -0.00204047 0.0537615 -1.73305 0.465503 -0.478316
132 rgb/1305031531.639521.png 0.997346 -0.0450558 0.0046977 0.05701 -1.7523 0.461226 -0.464711
133 rgb/1305031531.675444.png 0.997062 -0.0433233 0.0118499 0.0620619 -1.77524 0.454889 -0.453852
134 rgb/1305031531.707498.png 0.997157 -0.0398494 0.0166119 0.0617631 -1.79996 0.457852 -0.444962
135 rgb/1305031531.739657.png 0.997108 -0.041462 0.0196964 0.0605773 -1.81806 0.45146 -0.432057
136 rgb/1305031531.775442.png 0.997249 -0.0373327 0.0258514 0.0586001 -1.84057 0.449801 -0.423087
137 rgb/1305031531.839545.png 0.997334 -0.0299425 0.0351334 0.0565319 -1.89279 0.460176 -0.410327
138 rgb/1305031531.875426.png 0.996901 -0.0394317 0.0370639 0.0571021 -1.91305 0.464681 -0.401287
139 rgb/1305031531.907427.png 0.996233 -0.0503144 0.039566 0.0585093 -1.93002 0.461637 -0.392529
140 rgb/1305031531.939564.png 0.995419 -0.0583607 0.045042 0.0608828 -1.94658 0.466939 -0.385016
141 rgb/1305031531.975488.png 0.994104 -0.0694926 0.052 0.0650048 -1.96361 0.467036 -0.374009
142 rgb/1305031532.039675.png 0.990733 -0.0879831 0.0683302 0.0777101 -2.00116 0.481312 -0.357798
143 rgb/1305031532.075525.png 0.987927 -0.102165 0.0763039 0.0879899 -2.0179 0.488085 -0.346501
144 rgb/1305031532.107398.png 0.984012 -0.118126 0.0846825 0.102936 -2.03526 0.491673 -0.335119
145 rgb/1305031532.139520.png 0.979619 -0.130982 0.0916564 0.121619 -2.05133 0.494694 -0.321244
146 rgb/1305031532.175563.png 0.975309 -0.141472 0.0951386 0.140382 -2.06395 0.499677 -0.312728
147 rgb/1305031532.207465.png 0.969475 -0.15478 0.100727 0.161295 -2.07962 0.500506 -0.299052
148 rgb/1305031532.239966.png 0.964462 -0.16299 0.105684 0.179106 -2.09722 0.504476 -0.286973
149 rgb/1305031532.275514.png 0.959387 -0.171069 0.112822 0.193867 -2.11757 0.511241 -0.275359
150 rgb/1305031532.307481.png 0.953296 -0.181091 0.120326 0.209655 -2.13709 0.51263 -0.264056
151 rgb/1305031532.339777.png 0.947099 -0.192273 0.122254 0.226029 -2.15536 0.512062 -0.25212
152 rgb/1305031532.375496.png 0.941827 -0.202854 0.119286 0.239969 -2.17516 0.509416 -0.241178
153 rgb/1305031532.407448.png 0.9383 -0.208481 0.114069 0.251235 -2.1903 0.514365 -0.213398
154 rgb/1305031532.439533.png 0.941242 -0.196838 0.111622 0.250718 -2.20733 0.522774 -0.188188
155 rgb/1305031532.475428.png 0.946499 -0.177106 0.112793 0.245056 -2.22443 0.524155 -0.170399
156 rgb/1305031532.507415.png 0.948333 -0.163313 0.117117 0.245515 -2.24481 0.509008 -0.171659
157 rgb/1305031532.539458.png 0.950463 -0.147525 0.11808 0.246808 -2.26028 0.501695 -0.158633
158 rgb/1305031532.575435.png 0.952516 -0.132235 0.120357 0.246461 -2.27649 0.492444 -0.149634
159 rgb/1305031532.607434.png 0.952869 -0.124879 0.125062 0.246589 -2.29056 0.49227 -0.136641
160 rgb/1305031532.639592.png 0.951588 -0.120514 0.136621 0.247572 -2.30148 0.490842 -0.120611
161 rgb/1305031532.707308.png 0.940732 -0.128148 0.168567 0.264929 -2.32439 0.46468 -0.100449
162 rgb/1305031532.740052.png 0.934631 -0.138683 0.179057 0.274173 -2.33303 0.453897 -0.0883456
163 rgb/1305031532.775761.png 0.930877 -0.141929 0.186001 0.280587 -2.33687 0.452231 -0.0739238
164 rgb/1305031532.807429.png 0.929132 -0.13792 0.194124 0.28286 -2.33907 0.451694 -0.0581311
165 rgb/1305031532.839717.png 0.925375 -0.135855 0.207922 0.286347 -2.344 0.446366 -0.0458281
166 rgb/1305031532.875476.png 0.919714 -0.134262 0.223945 0.293173 -2.34582 0.439487 -0.0342165
167 rgb/1305031532.907577.png 0.912022 -0.135372 0.237102 0.306063 -2.34679 0.428734 -0.0241312
168 rgb/1305031532.939523.png 0.905931 -0.131222 0.244779 0.319618 -2.34512 0.422368 -0.0129258
169 rgb/1305031532.975424.png 0.900466 -0.122706 0.252966 0.331834 -2.34442 0.416923 -0.00124002
170 rgb/1305031533.007402.png 0.894647 -0.114099 0.26149 0.343819 -2.34248 0.41436 0.00986875
171 rgb/1305031533.039505.png 0.888189 -0.104411 0.272441 0.354961 -2.34189 0.40799 0.0203932
172 rgb/1305031533.075500.png 0.879806 -0.102497 0.285584 0.365894 -2.34682 0.399529 0.0264581
173 rgb/1305031533.107480.png 0.872318 -0.102665 0.294536 0.376526 -2.34268 0.400497 0.0328492
174 rgb/1305031533.139514.png 0.866935 -0.0937658 0.306435 0.381747 -2.34178 0.395717 0.0381711
175 rgb/1305031533.175459.png 0.862102 -0.0887747 0.31893 0.383647 -2.34789 0.38056 0.03776
176 rgb/1305031533.207507.png 0.856812 -0.0912706 0.328628 0.386715 -2.35205 0.370773 0.0374264
177 rgb/1305031533.239511.png 0.852868 -0.0872978 0.338948 0.387443 -2.3522 0.366938 0.0378511
178 rgb/1305031533.275405.png 0.848778 -0.0843226 0.348541 0.38857 -2.35832 0.347506 0.0308722
179 rgb/1305031533.307502.png 0.846621 -0.0786669 0.354304 0.389249 -2.36077 0.340871 0.0260665
180 rgb/1305031533.339522.png 0.843802 -0.0694391 0.363096 0.389023 -2.36389 0.330541 0.0188928
181 rgb/1305031533.375654.png 0.83997 -0.0617987 0.371948 0.390241 -2.37109 0.311841 0.00976204
182 rgb/1305031533.407483.png 0.836774 -0.0553673 0.377632 0.392605 -2.38009 0.288495 0.00345278
183 rgb/1305031533.439774.png 0.836666 -0.0449337 0.377715 0.394086 -2.38766 0.280147 -0.00192001
184 rgb/1305031533.475654.png 0.834684 -0.0336531 0.380178 0.397035 -2.39641 0.267951 -0.00758462
185 rgb/1305031533.507463.png 0.832511 -0.0247226 0.381342 0.401117 -2.40425 0.262813 -0.0137261
186 rgb/1305031533.539640.png 0.828285 -0.015735 0.384424 0.407329 -2.40694 0.25028 -0.0184128
187 rgb/1305031533.575643.png 0.824898 -0.00607946 0.38915 0.409964 -2.41477 0.241294 -0.0257528
188 rgb/1305031533.607639.png 0.81924 -0.000571116 0.398309 0.412549 -2.42167 0.237437 -0.0298759
189 rgb/1305031533.639561.png 0.811366 0.00196494 0.409973 0.41666 -2.4344 0.225374 -0.029987
190 rgb/1305031533.675446.png 0.805372 0.00414872 0.417514 0.420763 -2.44627 0.223712 -0.0289488
191 rgb/1305031533.707501.png 0.798631 0.00153518 0.424887 0.426213 -2.44666 0.222249 -0.0326617
192 rgb/1305031533.739555.png 0.789541 -0.00285764 0.438796 0.429042 -2.4505 0.211501 -0.0328178
193 rgb/1305031533.775530.png 0.779944 -0.0038063 0.455496 0.429183 -2.46901 0.202274 -0.0214983
194 rgb/1305031533.807707.png 0.77097 -0.010082 0.463544 0.436615 -2.47216 0.182875 -0.0136474
195 rgb/1305031533.839329.png 0.767332 -0.00803574 0.466606 0.439793 -2.48602 0.145107 0.000602607
196 rgb/1305031533.875471.png 0.77493 0.0063021 0.45533 0.438314 -2.50733 0.131843 0.0242123
197 rgb/1305031533.907441.png 0.788504 0.0185304 0.431811 0.437561 -2.50504 0.125064 0.038181
198 rgb/1305031533.939530.png 0.803583 0.0343512 0.407486 0.432472 -2.5183 0.112448 0.0501933
199 rgb/1305031533.975439.png 0.819204 0.0474312 0.378971 0.42783 -2.5171 0.108648 0.0628007
200 rgb/1305031534.007323.png 0.835641 0.0627846 0.352325 0.416691 -2.51 0.109002 0.0700407
201 rgb/1305031534.039458.png 0.848762 0.0814719 0.333721 0.401991 -2.51231 0.102496 0.0839478
202 rgb/1305031534.075484.png 0.857782 0.0980583 0.319461 0.390565 -2.51763 0.100119 0.0978564
203 rgb/1305031534.107442.png 0.866777 0.12183 0.301299 0.378254 -2.49938 0.115866 0.109465
204 rgb/1305031534.139529.png 0.87159 0.141932 0.302096 0.359062 -2.50582 0.113211 0.119929
205 rgb/1305031534.175381.png 0.872678 0.15439 0.306463 0.347388 -2.50853 0.109856 0.130217
206 rgb/1305031534.207436.png 0.873934 0.165514 0.306506 0.338969 -2.50674 0.0928808 0.133682
207 rgb/1305031534.239529.png 0.874793 0.177487 0.311699 0.3257 -2.53157 0.0881115 0.143016
208 rgb/1305031534.275475.png 0.87725 0.178471 0.307903 0.322147 -2.53472 0.0760536 0.149288
209 rgb/1305031534.307945.png 0.879687 0.183351 0.301148 0.319132 -2.52437 0.0731074 0.154513
210 rgb/1305031534.339859.png 0.880509 0.18772 0.300289 0.315109 -2.51301 0.0665891 0.158419
211 rgb/1305031534.375478.png 0.881216 0.193651 0.301483 0.308331 -2.50687 0.0588136 0.160365
212 rgb/1305031534.407595.png 0.880436 0.200218 0.306055 0.30179 -2.50151 0.0563708 0.162636
213 rgb/1305031534.439543.png 0.8785 0.20633 0.310726 0.298523 -2.49937 0.0391156 0.162188
214 rgb/1305031534.475605.png 0.877764 0.219272 0.312122 0.289884 -2.5061 0.0315491 0.163877
215 rgb/1305031534.507525.png 0.877978 0.226001 0.312431 0.283666 -2.51934 0.0320013 0.17045
216 rgb/1305031534.539582.png 0.879351 0.228109 0.306376 0.28433 -2.51425 0.0196019 0.172683
217 rgb/1305031534.575414.png 0.881023 0.236575 0.298845 0.280223 -2.50873 0.0153022 0.174193
218 rgb/1305031534.607494.png 0.882855 0.243301 0.293623 0.274151 -2.5156 0.0168687 0.179814
219 rgb/1305031534.639696.png 0.886214 0.245229 0.284662 0.271031 -2.51875 0.0165898 0.18494
220 rgb/1305031534.675511.png 0.890276 0.246122 0.273332 0.268558 -2.50836 0.0230011 0.188402
221 rgb/1305031534.707481.png 0.892417 0.246949 0.266847 0.267212 -2.50095 0.0218654 0.189913
222 rgb/1305031534.739665.png 0.894181 0.250035 0.261514 0.263695 -2.49524 0.0257822 0.192127
223 rgb/1305031534.775491.png 0.896961 0.249666 0.258163 0.257841 -2.48986 0.031718 0.195569
224 rgb/1305031534.807516.png 0.898334 0.249748 0.255368 0.255754 -2.4907 0.0245549 0.196953
225 rgb/1305031534.839569.png 0.900032 0.252688 0.24922 0.252948 -2.48711 0.0251259 0.198448
226 rgb/1305031534.875499.png 0.902374 0.255945 0.242979 0.247337 -2.48291 0.0181582 0.195257
227 rgb/1305031534.907458.png 0.905341 0.264047 0.236323 0.234073 -2.47157 0.0407565 0.197752
228 rgb/1305031534.939556.png 0.906391 0.261526 0.240571 0.228443 -2.46209 0.0435411 0.185057
229 rgb/1305031534.975464.png 0.903268 0.262354 0.254802 0.224402 -2.47159 0.0252629 0.179162
230 rgb/1305031535.007643.png 0.900608 0.26888 0.264147 0.21642 -2.49227 0.0191409 0.184994
231 rgb/1305031535.039655.png 0.901053 0.273406 0.263184 0.209974 -2.50918 0.0156086 0.187803
232 rgb/1305031535.075490.png 0.903976 0.273712 0.255683 0.206246 -2.51486 0.0244549 0.186144
233 rgb/1305031535.107796.png 0.904507 0.272055 0.25214 0.21043 -2.51629 0.0168915 0.181186
234 rgb/1305031535.139465.png 0.904105 0.273782 0.248964 0.213674 -2.52974 0.0156484 0.18272
235 rgb/1305031535.175406.png 0.906922 0.270576 0.240107 0.215943 -2.539 0.00734735 0.181447
236 rgb/1305031535.207514.png 0.910958 0.269432 0.22673 0.214842 -2.54493 0.010543 0.182142
237 rgb/1305031535.239511.png 0.915613 0.264346 0.213566 0.214859 -2.54682 0.0050442 0.178747
238 rgb/1305031535.275537.png 0.919222 0.262863 0.200947 0.213439 -2.54822 0.003252 0.177226
239 rgb/1305031535.307409.png 0.922884 0.261743 0.189708 0.209259 -2.54313 0.00971018 0.175241
240 rgb/1305031535.339468.png 0.925317 0.259454 0.183402 0.206972 -2.55132 0.00386073 0.177949
241 rgb/1305031535.375492.png 0.929111 0.258338 0.17198 0.201095 -2.5514 0.00557185 0.177996
242 rgb/1305031535.407712.png 0.932561 0.256239 0.163192 0.195044 -2.54933 0.00310412 0.177004
243 rgb/1305031535.439618.png 0.935425 0.254934 0.15654 0.188377 -2.55467 -0.0102363 0.173083
244 rgb/1305031535.475595.png 0.938091 0.256351 0.149876 0.178348 -2.55826 -0.0206403 0.169464
245 rgb/1305031535.507701.png 0.939865 0.261354 0.143204 0.166862 -2.56008 -0.0210326 0.168353
246 rgb/1305031535.539515.png 0.94135 0.265202 0.137785 0.156667 -2.55594 -0.0268561 0.163778
247 rgb/1305031535.575567.png 0.940856 0.275614 0.133665 0.144786 -2.54719 0.00797101 0.169176
248 rgb/1305031535.607524.png 0.942093 0.274297 0.133594 0.139196 -2.54331 0.0203901 0.171906
249 rgb/1305031535.639591.png 0.943026 0.270351 0.137104 0.13717 -2.5487 0.00791245 0.168279
250 rgb/1305031535.675500.png 0.943212 0.272099 0.136716 0.132754 -2.55405 0.0333646 0.171101
251 rgb/1305031535.707524.png 0.945083 0.265679 0.134922 0.134278 -2.54746 0.0439566 0.174221
252 rgb/1305031535.739708.png 0.946799 0.257648 0.135269 0.137453 -2.54471 0.0423928 0.173805
253 rgb/1305031535.775437.png 0.947994 0.253569 0.134519 0.13754 -2.53444 0.0613501 0.179378
254 rgb/1305031535.807496.png 0.949531 0.24285 0.137707 0.143018 -2.5315 0.0588462 0.176668
255 rgb/1305031535.840053.png 0.949197 0.238112 0.140539 0.15026 -2.53422 0.058138 0.175698
256 rgb/1305031535.875502.png 0.949677 0.232546 0.140004 0.156323 -2.52584 0.0677821 0.176746
257 rgb/1305031535.907487.png 0.949473 0.228112 0.142181 0.162029 -2.51481 0.0733024 0.176271
258 rgb/1305031535.939747.png 0.948683 0.222258 0.149762 0.167851 -2.50892 0.081926 0.177807
259 rgb/1305031535.975512.png 0.948309 0.211902 0.159575 0.174199 -2.50951 0.0876796 0.175443
260 rgb/1305031536.007462.png 0.948272 0.198315 0.168411 0.181911 -2.51022 0.0919987 0.174555
261 rgb/1305031536.039667.png 0.947529 0.184911 0.176561 0.191897 -2.50506 0.0950375 0.173261
262 rgb/1305031536.075538.png 0.946069 0.173457 0.185678 0.200975 -2.50465 0.106757 0.171607
263 rgb/1305031536.107579.png 0.944541 0.158767 0.194237 0.211917 -2.49784 0.115178 0.171195
264 rgb/1305031536.139540.png 0.941275 0.14539 0.205811 0.224736 -2.49261 0.119635 0.167908
265 rgb/1305031536.175699.png 0.937079 0.133194 0.218482 0.237505 -2.48993 0.127425 0.163764
266 rgb/1305031536.207474.png 0.932013 0.121808 0.231732 0.250632 -2.48616 0.137817 0.157281
267 rgb/1305031536.239482.png 0.925376 0.109273 0.246444 0.266468 -2.48237 0.145621 0.153344
268 rgb/1305031536.275618.png 0.917233 0.0978302 0.26155 0.284089 -2.4792 0.151376 0.148406
269 rgb/1305031536.307472.png 0.908889 0.0894433 0.277549 0.298143 -2.47547 0.157462 0.149043
270 rgb/1305031536.339530.png 0.899784 0.0821548 0.292453 0.313229 -2.47623 0.16534 0.143153
271 rgb/1305031536.375786.png 0.88995 0.0741597 0.305813 0.330105 -2.47154 0.171385 0.138571
272 rgb/1305031536.407665.png 0.879053 0.0677423 0.322608 0.344387 -2.47271 0.169929 0.137394
273 rgb/1305031536.439546.png 0.86829 0.062234 0.337058 0.358599 -2.47518 0.176813 0.132063
274 rgb/1305031536.475492.png 0.85953 0.0546939 0.347358 0.370892 -2.47639 0.179446 0.125291
275 rgb/1305031536.507648.png 0.85193 0.0491892 0.354632 0.382145 -2.47666 0.179896 0.120562
276 rgb/1305031536.539583.png 0.846248 0.046121 0.358991 0.39098 -2.48332 0.18173 0.116067
277 rgb/1305031536.575660.png 0.843766 0.0435692 0.35684 0.398532 -2.48282 0.189875 0.11244
278 rgb/1305031536.607624.png 0.839959 0.0429331 0.356346 0.406995 -2.48052 0.198224 0.108027
279 rgb/1305031536.639838.png 0.835384 0.0416978 0.357885 0.415108 -2.4885 0.202143 0.103552
280 rgb/1305031536.675456.png 0.834139 0.0378761 0.353215 0.421923 -2.49002 0.208236 0.100039
281 rgb/1305031536.707472.png 0.835035 0.0359153 0.34862 0.424138 -2.48724 0.219071 0.097049
282 rgb/1305031536.739722.png 0.834706 0.0333079 0.349491 0.424282 -2.48394 0.231729 0.0951248
283 rgb/1305031536.775321.png 0.834 0.0301736 0.353091 0.422922 -2.48632 0.235489 0.0883753
284 rgb/1305031536.807301.png 0.836642 0.0281647 0.353723 0.417275 -2.49405 0.240268 0.0831191
285 rgb/1305031536.839527.png 0.839768 0.025469 0.35148 0.413044 -2.49587 0.251448 0.0790914
286 rgb/1305031536.875419.png 0.842707 0.022998 0.349784 0.40862 -2.49532 0.262324 0.0732207
287 rgb/1305031536.907491.png 0.84757 0.0216554 0.35012 0.398215 -2.49419 0.274418 0.0653871
288 rgb/1305031536.939530.png 0.849628 0.0209868 0.355507 0.388984 -2.4946 0.286709 0.0583644
289 rgb/1305031536.975375.png 0.850414 0.0213265 0.359632 0.383417 -2.49699 0.294811 0.045652
290 rgb/1305031537.007412.png 0.853501 0.0225738 0.360736 0.375365 -2.49732 0.306719 0.0329805
291 rgb/1305031537.039427.png 0.854861 0.0217503 0.363257 0.369846 -2.49704 0.317741 0.0191961
292 rgb/1305031537.075341.png 0.856777 0.0201771 0.363583 0.365152 -2.49695 0.3263 0.00403309
293 rgb/1305031537.107337.png 0.860262 0.0195182 0.362574 0.357926 -2.49053 0.341921 -0.0103568
294 rgb/1305031537.140656.png 0.862162 0.0177271 0.364715 0.351208 -2.48493 0.351267 -0.0289066
295 rgb/1305031537.175377.png 0.864934 0.0166967 0.366602 0.342369 -2.48383 0.358904 -0.0464093
296 rgb/1305031537.207445.png 0.868956 0.0148132 0.364226 0.334721 -2.47736 0.366747 -0.0654656
297 rgb/1305031537.239415.png 0.873442 0.0143986 0.361181 0.326255 -2.47279 0.373636 -0.0856851
298 rgb/1305031537.275504.png 0.878474 0.013855 0.356754 0.317521 -2.46564 0.38504 -0.105099
299 rgb/1305031537.307646.png 0.882903 0.011389 0.3527 0.309772 -2.45793 0.390496 -0.125628
300 rgb/1305031537.339718.png 0.888044 0.00990505 0.347643 0.300709 -2.45298 0.394535 -0.146574
301 rgb/1305031537.375388.png 0.894102 0.00930539 0.34133 0.289811 -2.44584 0.399164 -0.16614
302 rgb/1305031537.407396.png 0.899857 0.00943078 0.334835 0.279384 -2.44454 0.405903 -0.18426
303 rgb/1305031537.439649.png 0.906198 0.00735246 0.324769 0.2707 -2.43911 0.409612 -0.202478
304 rgb/1305031537.475520.png 0.913724 0.00588281 0.31318 0.258831 -2.42908 0.414992 -0.219387
305 rgb/1305031537.507492.png 0.92031 0.00626813 0.304419 0.245606 -2.42283 0.426597 -0.235116
306 rgb/1305031537.539497.png 0.925105 0.00222085 0.29702 0.236553 -2.41262 0.43442 -0.250829
307 rgb/1305031537.575529.png 0.928488 -0.00146692 0.291082 0.230612 -2.39831 0.432192 -0.266495
308 rgb/1305031537.607507.png 0.930989 0.000341238 0.286643 0.226045 -2.39319 0.429921 -0.281973
309 rgb/1305031537.643442.png 0.935681 0.00233664 0.276365 0.219363 -2.38601 0.428858 -0.296798
310 rgb/1305031537.675306.png 0.941262 0.00601499 0.263447 0.211156 -2.36551 0.432309 -0.309477
311 rgb/1305031537.707483.png 0.945141 0.0131771 0.257277 0.200864 -2.3506 0.437687 -0.324127
312 rgb/1305031537.743426.png 0.948488 0.0173785 0.252974 0.189931 -2.33678 0.438436 -0.338115
313 rgb/1305031537.775469.png 0.951724 0.0233161 0.248108 0.179226 -2.32279 0.439252 -0.351833
314 rgb/1305031537.807576.png 0.954202 0.0294101 0.243026 0.171973 -2.31049 0.442583 -0.364696
315 rgb/1305031537.843458.png 0.957259 0.0337149 0.235723 0.16418 -2.29614 0.446258 -0.375132
316 rgb/1305031537.875571.png 0.960732 0.0381296 0.227593 0.154091 -2.27497 0.450469 -0.38762
317 rgb/1305031537.907514.png 0.962942 0.0413695 0.223086 0.14583 -2.2575 0.457179 -0.399836
318 rgb/1305031537.943469.png 0.965018 0.0415141 0.218351 0.139078 -2.24085 0.462071 -0.411374
319 rgb/1305031537.975426.png 0.967526 0.0395809 0.211364 0.132872 -2.21544 0.461502 -0.421813
320 rgb/1305031538.007529.png 0.969158 0.042025 0.207382 0.126336 -2.19737 0.465919 -0.434099
321 rgb/1305031538.043452.png 0.970962 0.0400693 0.200964 0.123461 -2.17783 0.468996 -0.444867
322 rgb/1305031538.075565.png 0.973072 0.0367693 0.19242 0.121471 -2.15493 0.458446 -0.454568
323 rgb/1305031538.107629.png 0.974561 0.0424568 0.182594 0.122844 -2.1408 0.455989 -0.464321
324 rgb/1305031538.143487.png 0.976806 0.0456303 0.167314 0.1256 -2.11834 0.457699 -0.475034
325 rgb/1305031538.175565.png 0.979887 0.0454172 0.151571 0.121602 -2.0852 0.445314 -0.485367
326 rgb/1305031538.207697.png 0.981666 0.0538233 0.142399 0.114716 -2.05694 0.437975 -0.49599
327 rgb/1305031538.243517.png 0.982472 0.064969 0.138794 0.106139 -2.04118 0.437603 -0.508947
328 rgb/1305031538.275489.png 0.983722 0.0721561 0.133325 0.0964953 -2.02488 0.43021 -0.52047
329 rgb/1305031538.307386.png 0.984598 0.083294 0.12767 0.0856254 -2.01129 0.425522 -0.530439
330 rgb/1305031538.343413.png 0.985356 0.095982 0.120388 0.0732783 -1.99948 0.426002 -0.542377
331 rgb/1305031538.375553.png 0.98618 0.105875 0.110103 0.0641826 -1.97987 0.425762 -0.552784
332 rgb/1305031538.407511.png 0.986195 0.11626 0.101951 0.0592583 -1.96345 0.424767 -0.564631
333 rgb/1305031538.443598.png 0.986427 0.125346 0.0918148 0.0531152 -1.95068 0.42575 -0.576047
334 rgb/1305031538.475570.png 0.986811 0.133977 0.0787893 0.0452735 -1.93224 0.430144 -0.586743
335 rgb/1305031538.507548.png 0.98708 0.139932 0.0672303 0.0396648 -1.91755 0.442117 -0.598615
336 rgb/1305031538.543450.png 0.987945 0.141049 0.0540757 0.0338801 -1.89363 0.453999 -0.607258
337 rgb/1305031538.575524.png 0.9889 0.139718 0.0446081 0.0238341 -1.87124 0.470157 -0.614802
338 rgb/1305031538.607517.png 0.990338 0.132394 0.0379667 0.0162323 -1.84398 0.490115 -0.618324
339 rgb/1305031538.643479.png 0.991595 0.124092 0.0344797 0.0123784 -1.81597 0.488076 -0.625717
340 rgb/1305031538.675433.png 0.991901 0.122618 0.0325886 0.00606362 -1.80839 0.509709 -0.641406
341 rgb/1305031538.707490.png 0.993462 0.111424 0.0248707 0.000885449 -1.79748 0.540195 -0.650953
342 rgb/1305031538.743572.png 0.995802 0.0908159 0.0115425 0.000387673 -1.77349 0.549969 -0.656909
343 rgb/1305031538.775491.png 0.997152 0.0754186 -0.000195567 0.00101832 -1.74478 0.561928 -0.664379
344 rgb/1305031538.808089.png 0.998305 0.0577746 -0.00687395 -0.00202727 -1.71882 0.581984 -0.671478
345 rgb/1305031538.843518.png 0.999293 0.0350793 -0.0115618 -0.00714683 -1.68687 0.58493 -0.674439
346 rgb/1305031538.875656.png 0.999725 0.0177483 -0.0106027 -0.011163 -1.66204 0.582188 -0.685024
347 rgb/1305031538.907498.png 0.999857 0.00555946 -0.00942859 -0.0130044 -1.63926 0.592407 -0.692845
348 rgb/1305031538.943414.png 0.999833 -0.00896294 -0.0106765 -0.0118757 -1.61221 0.596275 -0.698688
349 rgb/1305031538.975507.png 0.999654 -0.020376 -0.0117807 -0.0118366 -1.58454 0.598843 -0.705163
350 rgb/1305031539.007520.png 0.999401 -0.0296553 -0.0125067 -0.0127923 -1.5565 0.603894 -0.709754
351 rgb/1305031539.043445.png 0.999055 -0.0386912 -0.0129914 -0.0150105 -1.52816 0.606954 -0.714483
352 rgb/1305031539.075515.png 0.998707 -0.0454402 -0.0134271 -0.0184624 -1.50175 0.610332 -0.71994
353 rgb/1305031539.107503.png 0.998182 -0.0536554 -0.0148133 -0.0231465 -1.47492 0.617539 -0.723659
354 rgb/1305031539.143607.png 0.99738 -0.0643427 -0.0167468 -0.0285412 -1.44783 0.616551 -0.725544
355 rgb/1305031539.175587.png 0.99649 -0.0734468 -0.0201552 -0.0347872 -1.42325 0.621851 -0.72901
356 rgb/1305031539.207601.png 0.994935 -0.0882455 -0.0254734 -0.0408665 -1.40114 0.624999 -0.73034
357 rgb/1305031539.243449.png 0.99222 -0.109058 -0.0369851 -0.0473259 -1.37643 0.617566 -0.728149
358 rgb/1305031539.275652.png 0.98952 -0.124117 -0.0488883 -0.0552944 -1.34704 0.616585 -0.723698
359 rgb/1305031539.307521.png 0.986001 -0.141636 -0.0554837 -0.068306 -1.31963 0.615817 -0.724412
360 rgb/1305031539.343842.png 0.981098 -0.162925 -0.0593145 -0.0859386 -1.29312 0.609288 -0.720643
361 rgb/1305031539.375556.png 0.975703 -0.181611 -0.060215 -0.106763 -1.26663 0.601596 -0.718609
362 rgb/1305031539.407846.png 0.969415 -0.203143 -0.0592145 -0.12435 -1.24116 0.590994 -0.720161
363 rgb/1305031539.443431.png 0.963027 -0.221373 -0.0626058 -0.140202 -1.20953 0.586798 -0.715208
364 rgb/1305031539.475605.png 0.958261 -0.232606 -0.07293 -0.149376 -1.17912 0.578259 -0.715747
365 rgb/1305031539.507506.png 0.953542 -0.243626 -0.0848128 -0.155604 -1.15556 0.568681 -0.71635
366 rgb/1305031539.543459.png 0.94917 -0.252578 -0.0966461 -0.161068 -1.12852 0.561217 -0.714888
367 rgb/1305031539.575448.png 0.946468 -0.253773 -0.107599 -0.167996 -1.09961 0.55608 -0.71357
368 rgb/1305031539.607559.png 0.943714 -0.253851 -0.115279 -0.177976 -1.07781 0.545253 -0.71553
369 rgb/1305031539.643437.png 0.94083 -0.250337 -0.123654 -0.192047 -1.05169 0.540894 -0.71426
370 rgb/1305031539.675458.png 0.939057 -0.241206 -0.133197 -0.205555 -1.02186 0.536387 -0.710601
371 rgb/1305031539.707426.png 0.937028 -0.23484 -0.140939 -0.21672 -1.00012 0.523821 -0.710845
372 rgb/1305031539.743465.png 0.934432 -0.229998 -0.150091 -0.226743 -0.979318 0.515869 -0.7104
373 rgb/1305031539.775488.png 0.931381 -0.227268 -0.158692 -0.236005 -0.956851 0.509097 -0.709203
374 rgb/1305031539.807653.png 0.927922 -0.222061 -0.171601 -0.245367 -0.930142 0.505766 -0.701904
375 rgb/1305031539.843466.png 0.923536 -0.219959 -0.183951 -0.254685 -0.912587 0.498412 -0.703235
376 rgb/1305031539.875593.png 0.917545 -0.220956 -0.197717 -0.264954 -0.88885 0.492843 -0.695113
377 rgb/1305031539.907642.png 0.910702 -0.22316 -0.209157 -0.277628 -0.866776 0.486378 -0.687385
378 rgb/1305031539.943541.png 0.903435 -0.219242 -0.22189 -0.294117 -0.833657 0.489413 -0.671721
379 rgb/1305031539.975883.png 0.899566 -0.21332 -0.228766 -0.304866 -0.808555 0.484816 -0.655902
380 rgb/1305031540.007422.png 0.89653 -0.206982 -0.232849 -0.314922 -0.786891 0.478113 -0.648995
381 rgb/1305031540.043468.png 0.895243 -0.195832 -0.237187 -0.322388 -0.760968 0.47713 -0.629788
382 rgb/1305031540.075632.png 0.896373 -0.179786 -0.241339 -0.325499 -0.742032 0.469956 -0.616633
383 rgb/1305031540.107421.png 0.898549 -0.153278 -0.246397 -0.329251 -0.713784 0.478716 -0.608136
384 rgb/1305031540.143443.png 0.902463 -0.139345 -0.243969 -0.326534 -0.695186 0.471627 -0.59942
385 rgb/1305031540.175595.png 0.907819 -0.120111 -0.239551 -0.322577 -0.67757 0.46692 -0.592594
386 rgb/1305031540.207411.png 0.914107 -0.0995772 -0.233661 -0.316068 -0.664881 0.464744 -0.582271
387 rgb/1305031540.243496.png 0.917612 -0.0775948 -0.23552 -0.310644 -0.656283 0.459706 -0.580263
388 rgb/1305031540.275604.png 0.920194 -0.0580145 -0.243818 -0.300719 -0.633692 0.458876 -0.581173
389 rgb/1305031540.307411.png 0.922101 -0.0481472 -0.249413 -0.291904 -0.619304 0.446895 -0.57501
390 rgb/1305031540.343456.png 0.924501 -0.0316552 -0.254215 -0.282264 -0.597227 0.439152 -0.570615
391 rgb/1305031540.375438.png 0.930002 -0.0182797 -0.249221 -0.269542 -0.582798 0.430194 -0.564608
392 rgb/1305031540.407504.png 0.935047 -0.0022152 -0.245379 -0.25588 -0.574447 0.421809 -0.566057
393 rgb/1305031540.443453.png 0.938485 0.0130247 -0.247892 -0.240058 -0.554949 0.419269 -0.564901
394 rgb/1305031540.475476.png 0.941987 0.0210235 -0.248564 -0.224583 -0.542975 0.40009 -0.55812
395 rgb/1305031540.507525.png 0.9448 0.037361 -0.249343 -0.209255 -0.525812 0.396547 -0.55881
396 rgb/1305031540.543427.png 0.94667 0.0487696 -0.248961 -0.198643 -0.505664 0.38717 -0.553839
397 rgb/1305031540.575635.png 0.949682 0.0628255 -0.241494 -0.189315 -0.48837 0.371634 -0.551379
398 rgb/1305031540.607508.png 0.953418 0.0804506 -0.230352 -0.177376 -0.471882 0.373734 -0.554949
399 rgb/1305031540.643443.png 0.956635 0.0896089 -0.220054 -0.168518 -0.454682 0.37246 -0.550727
400 rgb/1305031540.675895.png 0.96073 0.0995935 -0.205872 -0.15716 -0.441125 0.366121 -0.548706
401 rgb/1305031540.707442.png 0.964579 0.108983 -0.191573 -0.144957 -0.428745 0.36557 -0.550135
402 rgb/1305031540.743545.png 0.968203 0.113742 -0.177862 -0.134217 -0.409827 0.358586 -0.545476
403 rgb/1305031540.775513.png 0.971849 0.118917 -0.161254 -0.123964 -0.391438 0.344281 -0.543312
404 rgb/1305031540.807495.png 0.97557 0.127656 -0.140268 -0.110884 -0.372247 0.344307 -0.541177
405 rgb/1305031540.843557.png 0.979429 0.132665 -0.115373 -0.0990491 -0.359951 0.340204 -0.541573
406 rgb/1305031540.875472.png 0.981986 0.13815 -0.0940309 -0.0882022 -0.349684 0.336668 -0.541174
407 rgb/1305031540.907447.png 0.983881 0.14367 -0.0729608 -0.0775661 -0.337901 0.334413 -0.542184
408 rgb/1305031540.943442.png 0.98567 0.147342 -0.0514752 -0.0640189 -0.332913 0.3331 -0.544623
409 rgb/1305031540.975401.png 0.986766 0.149836 -0.036403 -0.0502007 -0.328824 0.326504 -0.545171
410 rgb/1305031541.007473.png 0.986421 0.157524 -0.0248132 -0.039328 -0.320838 0.322201 -0.54633
411 rgb/1305031541.043464.png 0.986131 0.16342 -0.0124614 -0.0261966 -0.315491 0.318403 -0.546828
412 rgb/1305031541.075485.png 0.985086 0.171446 -0.00321729 -0.0142663 -0.31422 0.31486 -0.547276
413 rgb/1305031541.107513.png 0.984203 0.176847 0.00128669 -0.0084538 -0.31005 0.314738 -0.54664
414 rgb/1305031541.143507.png 0.983682 0.179737 0.00744529 -0.00336186 -0.299711 0.311363 -0.543961
415 rgb/1305031541.175472.png 0.982577 0.184923 0.018286 0.00372136 -0.30353 0.308519 -0.545236
416 rgb/1305031541.207454.png 0.982438 0.185225 0.0220499 0.00485965 -0.310537 0.312089 -0.547038
417 rgb/1305031541.243593.png 0.983509 0.179682 0.019658 0.00641334 -0.310183 0.309633 -0.544239
418 rgb/1305031541.275691.png 0.984589 0.173914 0.0157053 0.00967263 -0.312673 0.30795 -0.541406
419 rgb/1305031541.307436.png 0.985842 0.167151 0.00796167 0.0107182 -0.313132 0.303396 -0.536306
420 rgb/1305031541.343493.png 0.986823 0.161575 -0.00262893 0.00832288 -0.316688 0.303305 -0.5322
421 rgb/1305031541.375507.png 0.987995 0.153632 -0.0156163 0.00474208 -0.316297 0.301764 -0.5261
422 rgb/1305031541.407707.png 0.988923 0.145981 -0.0268748 -0.00118979 -0.316336 0.29822 -0.520144
423 rgb/1305031541.443699.png 0.98942 0.139537 -0.0385273 -0.0097785 -0.319037 0.292546 -0.514517
424 rgb/1305031541.475389.png 0.989153 0.136093 -0.0510203 -0.0212989 -0.321978 0.293543 -0.509747
425 rgb/1305031541.507656.png 0.988975 0.128114 -0.0651833 -0.0356376 -0.32372 0.290633 -0.503587
426 rgb/1305031541.543489.png 0.988196 0.122075 -0.0775236 -0.0505848 -0.324738 0.288723 -0.498195
427 rgb/1305031541.575608.png 0.987335 0.114368 -0.0885158 -0.0652464 -0.330546 0.285415 -0.494801
428 rgb/1305031541.607431.png 0.985528 0.107384 -0.102614 -0.0817136 -0.336413 0.279106 -0.491774
429 rgb/1305031541.643543.png 0.982892 0.102359 -0.117556 -0.0981295 -0.34231 0.275825 -0.488446
430 rgb/1305031541.675424.png 0.979161 0.0976812 -0.134164 -0.117065 -0.344824 0.27419 -0.485053
431 rgb/1305031541.707418.png 0.974679 0.0915366 -0.149501 -0.138832 -0.345461 0.267208 -0.480751
432 rgb/1305031541.743439.png 0.968704 0.0885194 -0.162694 -0.165259 -0.350791 0.269242 -0.478384
433 rgb/1305031541.775415.png 0.960289 0.0837227 -0.176591 -0.199135 -0.348685 0.264887 -0.472481
434 rgb/1305031541.807470.png 0.95224 0.0780625 -0.181915 -0.232497 -0.34951 0.262093 -0.470582
435 rgb/1305031541.843441.png 0.944079 0.0694694 -0.18552 -0.263578 -0.372079 0.258142 -0.469235
436 rgb/1305031541.875438.png 0.934788 0.0661974 -0.199408 -0.286405 -0.380735 0.253083 -0.468839
437 rgb/1305031541.907570.png 0.926419 0.062225 -0.216494 -0.301677 -0.388611 0.256983 -0.465441
438 rgb/1305031541.943524.png 0.918561 0.0546473 -0.237689 -0.311073 -0.39753 0.2529 -0.460059
439 rgb/1305031541.975524.png 0.911909 0.0493877 -0.259012 -0.314481 -0.403747 0.249146 -0.456715
440 rgb/1305031542.007694.png 0.904312 0.0449738 -0.282032 -0.317267 -0.40926 0.251643 -0.452576
441 rgb/1305031542.043489.png 0.894596 0.0400138 -0.307582 -0.321705 -0.4053 0.243912 -0.440343
442 rgb/1305031542.075555.png 0.886759 0.038598 -0.322772 -0.328619 -0.400459 0.238146 -0.426329
443 rgb/1305031542.107416.png 0.880379 0.0388431 -0.329275 -0.339125 -0.400389 0.240986 -0.418781
444 rgb/1305031542.143525.png 0.874317 0.034652 -0.333899 -0.350547 -0.407252 0.237124 -0.411082
445 rgb/1305031542.175524.png 0.869921 0.0324027 -0.339743 -0.356042 -0.413404 0.236359 -0.409251
446 rgb/1305031542.207368.png 0.863788 0.0268209 -0.350849 -0.360636 -0.415356 0.240904 -0.402377
447 rgb/1305031542.244091.png 0.856332 0.0181127 -0.363818 -0.366069 -0.419711 0.23057 -0.389573
448 rgb/1305031542.275425.png 0.850694 0.0157021 -0.374482 -0.368562 -0.411298 0.230017 -0.372425
449 rgb/1305031542.307528.png 0.847322 0.00966732 -0.37472 -0.376219 -0.409121 0.224461 -0.357728
450 rgb/1305031542.343479.png 0.84661 0.00615877 -0.369163 -0.383322 -0.413816 0.218721 -0.346548
451 rgb/1305031542.375553.png 0.848198 0.00484259 -0.363729 -0.385022 -0.415173 0.220277 -0.341861
452 rgb/1305031542.407482.png 0.848883 -0.0027593 -0.36323 -0.384003 -0.414905 0.216349 -0.331037
453 rgb/1305031542.443447.png 0.849456 -0.0104557 -0.362307 -0.383473 -0.420123 0.205856 -0.319011
454 rgb/1305031542.475446.png 0.850181 -0.0127042 -0.364645 -0.379562 -0.419673 0.199466 -0.309195
455 rgb/1305031542.507447.png 0.851308 -0.0170043 -0.36913 -0.372467 -0.413493 0.19231 -0.295269
456 rgb/1305031542.543425.png 0.852131 -0.0223093 -0.371532 -0.367889 -0.41181 0.179056 -0.278398
457 rgb/1305031542.575428.png 0.85403 -0.0221869 -0.372609 -0.362362 -0.409954 0.167467 -0.266979
458 rgb/1305031542.607410.png 0.856709 -0.0215228 -0.37509 -0.353407 -0.400319 0.162989 -0.254983
459 rgb/1305031542.643424.png 0.857808 -0.0267225 -0.377351 -0.347938 -0.398439 0.147639 -0.239372
460 rgb/1305031542.675341.png 0.858347 -0.025498 -0.380277 -0.343487 -0.391907 0.136993 -0.225218
461 rgb/1305031542.707362.png 0.857828 -0.0232261 -0.382989 -0.341927 -0.382254 0.128651 -0.209818
462 rgb/1305031542.743855.png 0.85861 -0.025068 -0.381343 -0.341672 -0.376423 0.118578 -0.193957
463 rgb/1305031542.775624.png 0.859616 -0.0266081 -0.378132 -0.342594 -0.377985 0.107494 -0.183905
464 rgb/1305031542.807676.png 0.857988 -0.0253508 -0.381327 -0.343231 -0.371728 0.101193 -0.170637
465 rgb/1305031542.843453.png 0.857004 -0.0292912 -0.382711 -0.343835 -0.363814 0.0904679 -0.150513
466 rgb/1305031542.875473.png 0.857834 -0.0329489 -0.379052 -0.345482 -0.363078 0.0793912 -0.135571
467 rgb/1305031542.907374.png 0.85795 -0.0350123 -0.377296 -0.346911 -0.358692 0.0723883 -0.120745
468 rgb/1305031542.943449.png 0.857278 -0.0404146 -0.375624 -0.349786 -0.362366 0.0610557 -0.107098
469 rgb/1305031542.975416.png 0.855846 -0.0431519 -0.379329 -0.348966 -0.360407 0.0532287 -0.0933302
470 rgb/1305031543.007462.png 0.854173 -0.0492904 -0.384003 -0.347138 -0.356453 0.0442126 -0.0745324
471 rgb/1305031543.043546.png 0.852655 -0.0553511 -0.387734 -0.345805 -0.357521 0.0319013 -0.0583288
472 rgb/1305031543.075465.png 0.850614 -0.058467 -0.393371 -0.343947 -0.349986 0.026199 -0.0393435
473 rgb/1305031543.107471.png 0.848623 -0.0644925 -0.395744 -0.345064 -0.34647 0.0168525 -0.0197341
474 rgb/1305031543.143424.png 0.84775 -0.0688766 -0.395603 -0.346522 -0.342499 0.00725239 -0.00148256
475 rgb/1305031543.175587.png 0.848291 -0.0753108 -0.393725 -0.345997 -0.345033 -0.00450248 0.0129388
476 rgb/1305031543.207464.png 0.849879 -0.079886 -0.395475 -0.339007 -0.341982 -0.013736 0.027046
477 rgb/1305031543.243490.png 0.851663 -0.0858239 -0.397835 -0.330204 -0.338914 -0.023319 0.0434885
478 rgb/1305031543.275504.png 0.852693 -0.0884408 -0.400122 -0.324036 -0.340066 -0.0353496 0.0570155
479 rgb/1305031543.307391.png 0.85424 -0.0840743 -0.403483 -0.316877 -0.335791 -0.0422011 0.0660119
480 rgb/1305031543.343502.png 0.855338 -0.0821657 -0.405871 -0.311316 -0.332433 -0.0479514 0.0739675
481 rgb/1305031543.375520.png 0.855395 -0.0778871 -0.408057 -0.309396 -0.333583 -0.0570615 0.0783548
482 rgb/1305031543.407575.png 0.854057 -0.0697966 -0.412735 -0.308816 -0.330804 -0.0609095 0.079077
483 rgb/1305031543.443593.png 0.85319 -0.0646277 -0.416256 -0.30761 -0.330141 -0.0664659 0.0802597
484 rgb/1305031543.475420.png 0.853167 -0.0595386 -0.418316 -0.305902 -0.32896 -0.0683827 0.0767184
485 rgb/1305031543.507652.png 0.849897 -0.0549001 -0.423226 -0.3091 -0.331479 -0.0723422 0.0706896
486 rgb/1305031543.543433.png 0.846096 -0.0478156 -0.430033 -0.311303 -0.331306 -0.0727279 0.0652448
487 rgb/1305031543.575393.png 0.844329 -0.0440736 -0.432943 -0.312616 -0.331942 -0.0727351 0.05882
488 rgb/1305031543.607524.png 0.84059 -0.0383891 -0.437398 -0.31721 -0.333962 -0.0707537 0.0429001
489 rgb/1305031543.643400.png 0.83396 -0.0384415 -0.445007 -0.324045 -0.335505 -0.0689013 0.0342959
490 rgb/1305031543.675460.png 0.831741 -0.0406502 -0.446919 -0.326835 -0.344236 -0.0783156 0.0236304
491 rgb/1305031543.707478.png 0.830848 -0.0348047 -0.449022 -0.3269 -0.343581 -0.0765044 0.00476345
492 rgb/1305031543.743399.png 0.829338 -0.0352784 -0.450829 -0.328193 -0.346786 -0.0793197 -0.0116625
493 rgb/1305031543.775642.png 0.829371 -0.0364765 -0.4528 -0.325252 -0.354751 -0.0858194 -0.0298917
494 rgb/1305031543.807514.png 0.829466 -0.033188 -0.456549 -0.320081 -0.350185 -0.0819177 -0.0525599
495 rgb/1305031543.843406.png 0.829009 -0.0389061 -0.459195 -0.316819 -0.348994 -0.0820132 -0.0704594
496 rgb/1305031543.875410.png 0.829841 -0.0467824 -0.460102 -0.312225 -0.350722 -0.0890515 -0.0868722
497 rgb/1305031543.907459.png 0.832873 -0.052175 -0.457472 -0.307121 -0.348302 -0.0899735 -0.107973
498 rgb/1305031543.943413.png 0.835402 -0.0579525 -0.454158 -0.304121 -0.350657 -0.0969779 -0.125024
499 rgb/1305031543.975473.png 0.839522 -0.0573459 -0.448272 -0.301613 -0.34815 -0.100202 -0.145845
500 rgb/1305031544.007491.png 0.845638 -0.0568243 -0.439018 -0.298217 -0.348882 -0.107441 -0.164291
501 rgb/1305031544.043491.png 0.853331 -0.0494273 -0.426826 -0.295307 -0.344683 -0.108395 -0.188322
502 rgb/1305031544.075509.png 0.862271 -0.0457858 -0.410519 -0.293036 -0.342364 -0.107706 -0.215083
503 rgb/1305031544.107376.png 0.870841 -0.0472218 -0.39609 -0.287266 -0.353789 -0.119466 -0.235799
504 rgb/1305031544.143795.png 0.878274 -0.0362581 -0.386029 -0.279831 -0.355266 -0.110424 -0.269715
505 rgb/1305031544.175829.png 0.883484 -0.0310118 -0.377909 -0.275104 -0.355426 -0.105515 -0.294272
506 rgb/1305031544.207354.png 0.889585 -0.0222822 -0.367135 -0.270845 -0.358656 -0.102179 -0.318534
507 rgb/1305031544.243427.png 0.896228 -0.0131366 -0.3534 -0.267796 -0.360915 -0.0895225 -0.347342
508 rgb/1305031544.275540.png 0.901887 -0.00588406 -0.339204 -0.267412 -0.368034 -0.0820467 -0.372378
509 rgb/1305031544.307370.png 0.907141 0.00371228 -0.323591 -0.269023 -0.37858 -0.0706849 -0.401091
510 rgb/1305031544.343409.png 0.91104 0.0115912 -0.311239 -0.270195 -0.383536 -0.0564434 -0.432156
511 rgb/1305031544.375459.png 0.914462 0.0158057 -0.298229 -0.273078 -0.389986 -0.0342818 -0.460874
512 rgb/1305031544.407333.png 0.917994 0.007981 -0.282761 -0.27798 -0.404462 -0.0210686 -0.484149
513 rgb/1305031544.443375.png 0.920949 0.00124699 -0.27038 -0.280624 -0.43016 -0.0120643 -0.509199
514 rgb/1305031544.475427.png 0.922386 -0.00233058 -0.264505 -0.281496 -0.444159 0.00977214 -0.530114
515 rgb/1305031544.507367.png 0.921922 -0.00932005 -0.261785 -0.285384 -0.466815 0.0203388 -0.544666
516 rgb/1305031544.543416.png 0.920095 -0.0122048 -0.262815 -0.290186 -0.483238 0.0352744 -0.559065
517 rgb/1305031544.575497.png 0.918495 -0.014496 -0.265266 -0.292906 -0.5 0.0466376 -0.573414
518 rgb/1305031544.607409.png 0.917159 -0.0158855 -0.268509 -0.294062 -0.503786 0.0716392 -0.587719
519 rgb/1305031544.643444.png 0.915806 -0.0276782 -0.269539 -0.296456 -0.521085 0.0847184 -0.595299
520 rgb/1305031544.675586.png 0.913626 -0.0350563 -0.273667 -0.298609 -0.54012 0.0902146 -0.601523
521 rgb/1305031544.707411.png 0.911753 -0.038422 -0.278588 -0.299371 -0.551505 0.106584 -0.610851
522 rgb/1305031544.743438.png 0.909446 -0.0445541 -0.284 -0.300449 -0.566943 0.109568 -0.608492
523 rgb/1305031544.775418.png 0.907986 -0.0411362 -0.286738 -0.302744 -0.579067 0.117844 -0.610479
524 rgb/1305031544.807397.png 0.908031 -0.0353546 -0.28661 -0.303461 -0.591745 0.133366 -0.617657
525 rgb/1305031544.843491.png 0.908141 -0.0337354 -0.285704 -0.304169 -0.601822 0.153048 -0.625807
526 rgb/1305031544.875360.png 0.906837 -0.0400806 -0.285031 -0.307898 -0.618225 0.161475 -0.626536
527 rgb/1305031544.907423.png 0.905445 -0.0420319 -0.283656 -0.312961 -0.630897 0.16624 -0.625575
528 rgb/1305031544.943434.png 0.905013 -0.0428444 -0.276814 -0.320146 -0.646076 0.176099 -0.628074
529 rgb/1305031544.975537.png 0.904902 -0.0468218 -0.270375 -0.325362 -0.668918 0.184581 -0.631346
530 rgb/1305031545.007393.png 0.905279 -0.0522447 -0.268841 -0.324758 -0.688275 0.18593 -0.630763
531 rgb/1305031545.043477.png 0.906623 -0.0542335 -0.266688 -0.322449 -0.703455 0.185112 -0.627057
532 rgb/1305031545.075369.png 0.909676 -0.0507994 -0.261506 -0.318634 -0.720854 0.187554 -0.628944
533 rgb/1305031545.107399.png 0.913777 -0.0485095 -0.256364 -0.311349 -0.73415 0.193643 -0.631402
534 rgb/1305031545.144171.png 0.919226 -0.0485692 -0.250113 -0.300186 -0.74591 0.197106 -0.630795
535 rgb/1305031545.175406.png 0.925465 -0.0495145 -0.241128 -0.287963 -0.759138 0.20025 -0.630192
536 rgb/1305031545.207577.png 0.931452 -0.0510098 -0.231477 -0.276075 -0.775435 0.201277 -0.629066
537 rgb/1305031545.243483.png 0.936879 -0.0499383 -0.223462 -0.264257 -0.797511 0.196061 -0.62697
538 rgb/1305031545.275369.png 0.942027 -0.0410417 -0.218634 -0.251204 -0.807547 0.208607 -0.629951
539 rgb/1305031545.307451.png 0.945995 -0.0399896 -0.213476 -0.240677 -0.821073 0.214343 -0.629498
540 rgb/1305031545.343494.png 0.949761 -0.0398322 -0.20757 -0.230834 -0.835938 0.213723 -0.62639
541 rgb/1305031545.375545.png 0.954256 -0.0379778 -0.20044 -0.218586 -0.85388 0.211468 -0.625574
542 rgb/1305031545.407452.png 0.958261 -0.0333132 -0.19522 -0.206202 -0.87375 0.210122 -0.626461
543 rgb/1305031545.444180.png 0.9609 -0.0261792 -0.19373 -0.196107 -0.888035 0.211589 -0.625658
544 rgb/1305031545.475423.png 0.963388 -0.0204597 -0.192009 -0.186012 -0.908298 0.195753 -0.621066
545 rgb/1305031545.507394.png 0.965326 -0.0018051 -0.19243 -0.176399 -0.922704 0.20616 -0.623921
546 rgb/1305031545.543418.png 0.966365 0.0080045 -0.193874 -0.168794 -0.939208 0.203129 -0.625519
547 rgb/1305031545.578078.png 0.965642 0.0239276 -0.198292 -0.166275 -0.955687 0.208434 -0.628244
548 rgb/1305031545.607417.png 0.964029 0.0347967 -0.205168 -0.165369 -0.968097 0.215481 -0.626493
549 rgb/1305031545.643463.png 0.962479 0.0452028 -0.211774 -0.163542 -0.978143 0.214465 -0.620867
550 rgb/1305031545.675289.png 0.960662 0.0587248 -0.215808 -0.164653 -0.98955 0.212077 -0.615132
551 rgb/1305031545.707398.png 0.95825 0.0792563 -0.219268 -0.165532 -0.994044 0.231325 -0.613593
552 rgb/1305031545.743570.png 0.957973 0.0858572 -0.217947 -0.165589 -1.00398 0.249175 -0.614041
553 rgb/1305031545.775452.png 0.957148 0.0862585 -0.219356 -0.168268 -1.01724 0.257532 -0.610823
554 rgb/1305031545.807404.png 0.956201 0.0850928 -0.221672 -0.171185 -1.02391 0.270936 -0.604873
555 rgb/1305031545.843376.png 0.956138 0.0814371 -0.22143 -0.17361 -1.02712 0.286992 -0.595596
556 rgb/1305031545.875537.png 0.957917 0.0710346 -0.215314 -0.176046 -1.03279 0.29555 -0.587925
557 rgb/1305031545.907389.png 0.959777 0.0626496 -0.206965 -0.179085 -1.04345 0.304228 -0.585081
558 rgb/1305031545.943457.png 0.960956 0.0529836 -0.200708 -0.182965 -1.04783 0.3218 -0.578974
559 rgb/1305031545.975621.png 0.963155 0.0386867 -0.192951 -0.183327 -1.0545 0.327985 -0.572092
560 rgb/1305031546.007516.png 0.964515 0.0277046 -0.186638 -0.184698 -1.06007 0.344427 -0.568464
561 rgb/1305031546.043769.png 0.965868 0.01174 -0.180538 -0.185392 -1.05469 0.355786 -0.558554
562 rgb/1305031546.075414.png 0.968441 -0.00499502 -0.166731 -0.185203 -1.05669 0.361758 -0.551138
563 rgb/1305031546.107395.png 0.970275 -0.0160002 -0.155208 -0.184997 -1.05809 0.371013 -0.544855
564 rgb/1305031546.143502.png 0.972638 -0.0260381 -0.143087 -0.18118 -1.05671 0.380129 -0.540178
565 rgb/1305031546.175952.png 0.974611 -0.0362426 -0.131282 -0.177729 -1.05819 0.389441 -0.538028
566 rgb/1305031546.207500.png 0.976239 -0.0465765 -0.122596 -0.172517 -1.05247 0.396885 -0.528739
567 rgb/1305031546.243551.png 0.97853 -0.0531871 -0.110273 -0.165809 -1.0509 0.401044 -0.519366
568 rgb/1305031546.276098.png 0.981076 -0.0523985 -0.0993591 -0.157722 -1.04778 0.415889 -0.518086
569 rgb/1305031546.308110.png 0.983072 -0.0599806 -0.0893802 -0.14828 -1.0416 0.426702 -0.510129
570 rgb/1305031546.343919.png 0.984933 -0.0651981 -0.078784 -0.139472 -1.04268 0.430067 -0.503626
571 rgb/1305031546.376056.png 0.986646 -0.0641204 -0.0738976 -0.130233 -1.03891 0.442246 -0.499394
572 rgb/1305031546.407659.png 0.987952 -0.065724 -0.0698922 -0.121448 -1.03434 0.453035 -0.492294
573 rgb/1305031546.443968.png 0.989041 -0.0656708 -0.0673906 -0.113786 -1.03235 0.459697 -0.486747
574 rgb/1305031546.475996.png 0.989774 -0.0643291 -0.0672151 -0.108146 -1.0221 0.47915 -0.481577
575 rgb/1305031546.507967.png 0.990111 -0.0711895 -0.0623331 -0.103586 -1.02162 0.480633 -0.472023
576 rgb/1305031546.544068.png 0.99093 -0.0675308 -0.0604839 -0.0992132 -1.01701 0.495064 -0.46863
577 rgb/1305031546.576412.png 0.991242 -0.0701604 -0.0565241 -0.0965688 -1.0134 0.509148 -0.463342
578 rgb/1305031546.607717.png 0.991338 -0.0762588 -0.0530267 -0.0928747 -1.01196 0.520168 -0.458094
579 rgb/1305031546.644200.png 0.991123 -0.0840066 -0.0506098 -0.0897813 -1.00692 0.529995 -0.450778
580 rgb/1305031546.676003.png 0.990722 -0.0918033 -0.0453639 -0.0893686 -1.00688 0.536917 -0.443908
581 rgb/1305031546.707934.png 0.990517 -0.0970677 -0.0418868 -0.087762 -1.00248 0.545075 -0.437215
582 rgb/1305031546.743887.png 0.990002 -0.104799 -0.0347272 -0.087811 -1.00127 0.554285 -0.431512
583 rgb/1305031546.775864.png 0.988753 -0.115893 -0.030148 -0.0896212 -1.00183 0.556396 -0.422449
584 rgb/1305031546.807996.png 0.988148 -0.121051 -0.0272756 -0.0903894 -1.00212 0.559187 -0.415113
585 rgb/1305031546.844079.png 0.987804 -0.124413 -0.0261909 -0.0899006 -1.00362 0.563209 -0.409704
586 rgb/1305031546.876064.png 0.98698 -0.129146 -0.0300075 -0.0910751 -1.00139 0.562092 -0.402635
587 rgb/1305031546.907783.png 0.98693 -0.128023 -0.0308141 -0.0929192 -1.00114 0.561684 -0.396833
588 rgb/1305031546.943858.png 0.987502 -0.122249 -0.0309854 -0.0945454 -1.00208 0.566908 -0.394817
589 rgb/1305031546.975884.png 0.987178 -0.122695 -0.0325139 -0.0968131 -1.00298 0.569377 -0.391352
590 rgb/1305031547.011984.png 0.986867 -0.12268 -0.0359669 -0.0987612 -1.00309 0.568052 -0.386964
591 rgb/1305031547.044214.png 0.987051 -0.119178 -0.0388249 -0.100111 -0.998633 0.570992 -0.384726
592 rgb/1305031547.076346.png 0.986981 -0.118416 -0.0361224 -0.10269 -0.99867 0.568229 -0.381979
593 rgb/1305031547.111991.png 0.987422 -0.114209 -0.0337096 -0.10403 -0.998873 0.566727 -0.380909
594 rgb/1305031547.144071.png 0.988131 -0.108263 -0.0312 -0.104438 -1.00011 0.567575 -0.382699
595 rgb/1305031547.175909.png 0.988692 -0.10506 -0.0300809 -0.102705 -1.00266 0.568903 -0.384673
596 rgb/1305031547.211964.png 0.988556 -0.105456 -0.034524 -0.102215 -1.00203 0.565366 -0.385026
597 rgb/1305031547.244113.png 0.988712 -0.102912 -0.0374197 -0.10228 -1.00021 0.562533 -0.386732
598 rgb/1305031547.276546.png 0.989109 -0.0982382 -0.0377626 -0.102907 -1.00101 0.563286 -0.389986
599 rgb/1305031547.312261.png 0.989137 -0.0969298 -0.0395617 -0.103204 -1.00084 0.561281 -0.391733
600 rgb/1305031547.344192.png 0.989419 -0.0946535 -0.0399299 -0.102471 -1.00324 0.561014 -0.395291
601 rgb/1305031547.376753.png 0.98939 -0.0944169 -0.0437057 -0.101421 -1.00339 0.559977 -0.396857
602 rgb/1305031547.412260.png 0.989335 -0.0937009 -0.0477466 -0.100794 -1.00245 0.558068 -0.397793
603 rgb/1305031547.444472.png 0.989243 -0.0927366 -0.050515 -0.101247 -1.00155 0.555762 -0.397919
604 rgb/1305031547.476347.png 0.989434 -0.0893145 -0.0515391 -0.101932 -1.00106 0.554946 -0.398923
605 rgb/1305031547.512114.png 0.989639 -0.0865569 -0.0511173 -0.102535 -1.00064 0.556765 -0.399933
606 rgb/1305031547.544015.png 0.989482 -0.0876594 -0.0504374 -0.103442 -1.00112 0.553753 -0.398313
607 rgb/1305031547.576437.png 0.989888 -0.0845502 -0.0497077 -0.102496 -1.00109 0.555163 -0.399046
608 rgb/1305031547.612296.png 0.989906 -0.0851091 -0.0494647 -0.101982 -1.00126 0.55679 -0.398734
609 rgb/1305031547.644160.png 0.989621 -0.0882544 -0.0504169 -0.101601 -1.00014 0.551266 -0.396292
610 rgb/1305031547.677287.png 0.990195 -0.083705 -0.0489976 -0.100554 -0.998632 0.557832 -0.398111
611 rgb/1305031547.712338.png 0.989539 -0.0901071 -0.0487081 -0.101611 -0.997411 0.554766 -0.394164
612 rgb/1305031547.744332.png 0.989634 -0.0901928 -0.0474444 -0.101208 -0.99749 0.551127 -0.393226
613 rgb/1305031547.776390.png 0.989869 -0.0871674 -0.0467557 -0.101877 -0.996095 0.55445 -0.39416
614 rgb/1305031547.812317.png 0.989645 -0.0890624 -0.0461375 -0.10269 -0.994454 0.551983 -0.392239
615 rgb/1305031547.844564.png 0.989932 -0.0876537 -0.0436895 -0.102208 -0.995661 0.55238 -0.393558
616 rgb/1305031547.876362.png 0.989814 -0.0883836 -0.0443326 -0.102447 -0.99445 0.552774 -0.392993
617 rgb/1305031547.912744.png 0.989777 -0.0893189 -0.044234 -0.102036 -0.993465 0.550519 -0.391792
618 rgb/1305031547.944304.png 0.98995 -0.0882012 -0.043169 -0.101787 -0.993523 0.551356 -0.392552
619 rgb/1305031547.976482.png 0.989904 -0.0886174 -0.0430007 -0.101938 -0.993381 0.550949 -0.392464
