110 545
109 533
34 103
108 519
33 98
100 450
101 459
32 95
102 468
89 395
91 399
107 509
80 350
103 474
90 397
30 89
88 390
29 87
31 92
79 347
92 402
99 439
81 355
27 80
26 77
106 500
35 107
20 54
42 130
21 58
105 493
104 483
41 125
19 53
75 336
78 345
28 84
77 344
22 63
98 432
43 135
25 74
82 359
40 123
94 405
73 318
36 111
93 404
74 327
18 52
44 138
39 120
37 114
24 72
72 311
38 118
14 43
97 424
87 384
86 378
23 70
15 46
95 408
76 341
61 209
45 142
17 50
46 147
71 304
63 244
85 372
83 363
65 265
