1311868164.363181 1311868165.399160 1311868164.363200 1311868165.399900 0.051993 0.028971
1311868164.599061 1311868165.663251 1311868164.599800 1311868165.663200 0.055874 0.032620
1311868164.631140 1311868165.663251 1311868164.629800 1311868165.663200 0.054589 0.030943
1311868164.799138 1311868165.663251 1311868164.799800 1311868165.663200 0.026760 0.017451
1311868164.899132 1311868165.663251 1311868164.899800 1311868165.663200 0.053113 0.031563
1311868165.199145 1311868166.199211 1311868165.199800 1311868166.199900 0.035099 0.018625
1311868165.399160 1311868166.199211 1311868165.399900 1311868166.199900 0.017053 0.010512
1311868165.663251 1311868167.031127 1311868165.663200 1311868167.029900 0.055732 0.020491
1311868166.199211 1311868167.031127 1311868166.199900 1311868167.029900 0.034183 0.007718
1311868167.031127 1311868167.699226 1311868167.029900 1311868167.700100 0.015127 0.001767
1311868167.699226 1311868168.899300 1311868167.700100 1311868168.900000 0.015468 0.013606
1311868168.899300 1311868169.731279 1311868168.900000 1311868169.730100 0.014017 0.010796
1311868169.363470 1311868170.299432 1311868169.363400 1311868170.300100 0.020260 0.013105
1311868169.731279 1311868171.131477 1311868169.730100 1311868171.130100 0.016360 0.003871
1311868170.299432 1311868171.131477 1311868170.300100 1311868171.130100 0.011777 0.004509
1311868171.131477 1311868172.363479 1311868171.130100 1311868172.363500 0.014734 0.001690
1311868171.799464 1311868172.699619 1311868171.800200 1311868172.700200 0.019687 0.016299
1311868172.699619 1311868173.831620 1311868172.700200 1311868173.836900 0.020675 0.016425
1311868172.963571 1311868173.831620 1311868172.963500 1311868173.836900 0.012018 0.015391
1311868173.831620 1311868174.631772 1311868173.836900 1311868174.630200 0.015389 0.012915
1311868175.167807 1311868176.231937 1311868175.173600 1311868176.230500 0.014126 0.013940
1311868176.032043 1311868177.267807 1311868176.027000 1311868177.267100 0.019136 0.013324
1311868176.231937 1311868177.267807 1311868176.230500 1311868177.267100 0.014539 0.008430
1311868176.431678 1311868177.267807 1311868176.427000 1311868177.267100 0.013559 0.010751
1311868176.731819 1311868177.832005 1311868176.730400 1311868177.830400 0.011454 0.004685
1311868177.267807 1311868178.400074 1311868177.267100 1311868178.400400 0.003988 0.013250
1311868177.832005 1311868178.668047 1311868177.830400 1311868178.667100 0.008707 0.003611
1311868178.100039 1311868179.032182 1311868178.100400 1311868179.033800 0.019573 0.017071
1311868178.400074 1311868179.300467 1311868178.400400 1311868179.300400 0.018905 0.024706
1311868178.668047 1311868179.668182 1311868178.667100 1311868179.667100 0.018844 0.019648
1311868182.868215 1311868183.836230 1311868182.874000 1311868183.837400 0.035853 0.021179
1311868183.836230 1311868184.836324 1311868183.837400 1311868184.837300 0.028892 0.008785
1311868184.836324 1311868185.800441 1311868184.837300 1311868185.800700 0.020118 0.010477
1311868185.401199 1311868186.537052 1311868185.400700 1311868186.537500 0.012202 0.012029
1311868185.668624 1311868186.537052 1311868185.667400 1311868186.537500 0.006297 0.011114
1311868185.800441 1311868186.537052 1311868185.800700 1311868186.537500 0.006540 0.013714
1311868185.900384 1311868187.136587 1311868185.900800 1311868187.137500 0.017746 0.023592
1311868186.000413 1311868187.136587 1311868186.000700 1311868187.137500 0.016646 0.012553
1311868186.168524 1311868187.136587 1311868186.167400 1311868187.137500 0.018774 0.011361
1311868186.537052 1311868187.468568 1311868186.537500 1311868187.464200 0.019676 0.008455
1311868211.505937 1311868213.274014 1311868211.501900 1311868213.275400 0.039474 0.021728
1311868213.274014 1311868214.706198 1311868213.275400 1311868214.705400 0.054957 0.028070
1311868214.706198 1311868215.642404 1311868214.705400 1311868215.642100 0.050185 0.027708
1311868215.642404 1311868216.474357 1311868215.642100 1311868216.475500 0.059277 0.028717
1311868216.474357 1311868217.074615 1311868216.475500 1311868217.075500 0.022317 0.014278
1311868217.074615 1311868219.042799 1311868217.075500 1311868219.042300 0.015850 0.014376
1311868219.042799 1311868219.910641 1311868219.042300 1311868219.912300 0.012194 0.014290
1311868219.442491 1311868220.442609 1311868219.442300 1311868220.442300 0.013677 0.011814
1311868219.910641 1311868220.442609 1311868219.912300 1311868220.442300 0.004941 0.004419
1311868220.442609 1311868221.543040 1311868220.442300 1311868221.542500 0.017254 0.001067
1311868221.543040 1311868223.343366 1311868221.542500 1311868223.342500 0.027566 0.013593
1311868223.343366 1311868224.812285 1311868223.342500 1311868224.812500 0.025521 0.021724
1311868224.812285 1311868226.247306 1311868224.812500 1311868226.245900 0.014517 0.006718
1311868226.247306 1311868227.010946 1311868226.245900 1311868227.009300 0.018901 0.016138
1311868227.010946 1311868228.378967 1311868227.009300 1311868228.379300 0.017754 0.014168
1311868227.610890 1311868228.378967 1311868227.609300 1311868228.379300 0.011610 0.010827
1311868228.378967 1311868229.647479 1311868228.379300 1311868229.646000 0.020780 0.018715
1311868229.044504 1311868230.083190 1311868229.046000 1311868230.082700 0.011212 0.010061
1311868229.647479 1311868230.643420 1311868229.646000 1311868230.642800 0.005259 0.011678
1311868230.083190 1311868231.083967 1311868230.082700 1311868231.082800 0.015896 0.020448
1311868230.343265 1311868231.343237 1311868230.342800 1311868231.342800 0.022428 0.022795
1311868230.643420 1311868231.743341 1311868230.642800 1311868231.742800 0.020148 0.028644
1311868230.884514 1311868231.743341 1311868230.886100 1311868231.742800 0.013924 0.006947
1311868231.083967 1311868232.084470 1311868231.082800 1311868232.082800 0.013780 0.022206
1311868231.343237 1311868232.443259 1311868231.342800 1311868232.442900 0.010713 0.014250
1311868231.743341 1311868232.443259 1311868231.742800 1311868232.442900 0.000852 0.008475
1311868232.084470 1311868233.111321 1311868232.082800 1311868233.109900 0.003702 0.009954
1311868232.443259 1311868233.111321 1311868232.442900 1311868233.109900 0.001427 0.006515
1311868233.111321 1311868234.211483 1311868233.109900 1311868234.213000 0.012058 0.007717
1311868233.911537 1311868235.043680 1311868233.913100 1311868235.043000 0.015741 0.007547
1311868234.211483 1311868235.343699 1311868234.213000 1311868235.343000 0.010955 0.007106
1311868234.479529 1311868235.343699 1311868234.479600 1311868235.343000 0.003985 0.004949
1311868234.743637 1311868235.679690 1311868234.743000 1311868235.679700 0.005291 0.005518
1311868235.043680 1311868236.043684 1311868235.043000 1311868236.043000 0.009140 0.007232
1311868235.343699 1311868236.379539 1311868235.343000 1311868236.379700 0.007195 0.006389
1311868235.679690 1311868236.779605 1311868235.679700 1311868236.779800 0.009040 0.010451
1311868236.043684 1311868237.079739 1311868236.043000 1311868237.079700 0.004575 0.008083
1311868236.379539 1311868237.379984 1311868236.379700 1311868237.379800 0.007601 0.007079
1311868236.779605 1311868237.879660 1311868236.779800 1311868237.879800 0.011344 0.006196
1311868237.079739 1311868238.179768 1311868237.079700 1311868238.179800 0.017638 0.006838
1311868237.379984 1311868238.179768 1311868237.379800 1311868238.179800 0.014293 0.005836
1311868237.611575 1311868238.711811 1311868237.613200 1311868238.713200 0.017793 0.008523
1311868237.879660 1311868238.711811 1311868237.879800 1311868238.713200 0.012223 0.005989
1311868238.179768 1311868239.111923 1311868238.179800 1311868239.113100 0.013885 0.007920
1311868238.711811 1311868239.579832 1311868238.713200 1311868239.579900 0.018713 0.011641
1311868239.111923 1311868240.247823 1311868239.113100 1311868240.246600 0.020847 0.017128
1311868239.579832 1311868240.447900 1311868239.579900 1311868240.446700 0.017390 0.016672
1311868239.912048 1311868240.879754 1311868239.913200 1311868240.880000 0.024088 0.016595
1311868240.247823 1311868241.379991 1311868240.246600 1311868241.380000 0.029370 0.015333
1311868240.447900 1311868241.379991 1311868240.446700 1311868241.380000 0.028512 0.014240
1311868240.879754 1311868241.947838 1311868240.880000 1311868241.946700 0.036729 0.028048
1311868241.379991 1311868242.312146 1311868241.380000 1311868242.313400 0.031030 0.023975
1311868241.679969 1311868242.712253 1311868241.680000 1311868242.713400 0.028622 0.024769
1311868241.947838 1311868242.712253 1311868241.946700 1311868242.713400 0.018060 0.016694
1311868242.312146 1311868243.448204 1311868242.313400 1311868243.446700 0.028352 0.022396
1311868242.712253 1311868243.747912 1311868242.713400 1311868243.746700 0.029015 0.021859
1311868243.448204 1311868244.380022 1311868243.446700 1311868244.380100 0.016919 0.010852
1311868243.747912 1311868244.748285 1311868243.746700 1311868244.746800 0.018025 0.011129
1311868244.048067 1311868245.048320 1311868244.046700 1311868245.046800 0.014838 0.008016
1311868244.380022 1311868245.548216 1311868244.380100 1311868245.546800 0.032205 0.017826
1311868244.748285 1311868245.816257 1311868244.746800 1311868245.816900 0.041622 0.018332
1311868245.048320 1311868246.080289 1311868245.046800 1311868246.080200 0.040324 0.020855
1311868245.548216 1311868246.516170 1311868245.546800 1311868246.516900 0.039485 0.022018
1311868245.816257 1311868246.516170 1311868245.816900 1311868246.516900 0.021992 0.014548
1311868246.080289 1311868247.216432 1311868246.080200 1311868247.216900 0.029767 0.017818
1311868246.516170 1311868247.216432 1311868246.516900 1311868247.216900 0.013708 0.008382
1311868247.216432 1311868248.080326 1311868247.216900 1311868248.080200 0.024712 0.019833
1311868248.080326 1311868249.148549 1311868248.080200 1311868249.146900 0.031754 0.026140
1311868248.616364 1311868249.480373 1311868248.616900 1311868249.480300 0.026989 0.021236
1311868248.880380 1311868249.816620 1311868248.880300 1311868249.817000 0.028602 0.027249
1311868249.148549 1311868250.116495 1311868249.146900 1311868250.117000 0.022822 0.026131
1311868249.480373 1311868250.516364 1311868249.480300 1311868250.517000 0.017594 0.027998
1311868249.816620 1311868250.948745 1311868249.817000 1311868250.950400 0.007607 0.016058
1311868250.116495 1311868250.948745 1311868250.117000 1311868250.950400 0.005985 0.013254
1311868250.516364 1311868251.881180 1311868250.517000 1311868251.880400 0.015676 0.007743
1311868250.948745 1311868251.881180 1311868250.950400 1311868251.880400 0.016307 0.009874
1311868251.881180 1311868252.848740 1311868251.880400 1311868252.847100 0.139023 0.048938
1311868252.280693 1311868253.416763 1311868252.280400 1311868253.417200 0.227874 0.086283
1311868252.550037 1311868253.416763 1311868252.550400 1311868253.417200 0.232710 0.091400
1311868252.848740 1311868253.848746 1311868252.847100 1311868253.847200 0.121759 0.045415
1311868253.416763 1311868254.416896 1311868253.417200 1311868254.417200 0.057912 0.024716
1311868253.848746 1311868254.784875 1311868253.847200 1311868254.783900 0.043546 0.011657
1311868254.416896 1311868255.185128 1311868254.417200 1311868255.183900 0.042889 0.010909
1311868254.784875 1311868255.716862 1311868254.783900 1311868255.717300 0.045089 0.014754
1311868255.185128 1311868256.284837 1311868255.183900 1311868256.283900 0.028543 0.010255
1311868255.716862 1311868256.749056 1311868255.717300 1311868256.750600 0.017805 0.016271
1311868256.284837 1311868257.317019 1311868256.283900 1311868257.317300 0.014085 0.020762
1311868256.749056 1311868257.985217 1311868256.750600 1311868257.984000 0.015043 0.021600
1311868257.317019 1311868258.449148 1311868257.317300 1311868258.450700 0.012753 0.005051