1311868164.363181 0.000000 0.000000 0.000000 0.000000 0.000000 0.000000 1.000000
1311868164.599061 0.016169 0.004436 -0.017046 -0.006836 0.002564 -0.013550 0.999882
1311868164.631140 0.018376 0.002249 -0.019167 -0.005772 0.003501 -0.014310 0.999875
1311868164.799138 0.027646 -0.018256 -0.048834 -0.002297 0.000379 -0.015190 0.999882
1311868164.899132 0.069222 -0.008510 -0.041693 0.008087 -0.003261 -0.014636 0.999855
1311868165.199145 0.159797 -0.003559 -0.068183 0.013833 -0.026784 -0.029601 0.999107
1311868165.399160 0.194606 -0.012912 -0.106485 0.004035 -0.038543 -0.040594 0.998424
1311868165.663251 0.253313 -0.002178 -0.121675 -0.011746 -0.042235 -0.038634 0.998291
1311868166.199211 0.276773 0.065722 -0.201786 -0.031430 -0.002621 -0.028997 0.999082
1311868167.031127 0.422998 0.145237 -0.269654 -0.040455 -0.013045 -0.034440 0.998502
1311868167.699226 0.612028 0.145790 -0.268849 -0.035144 -0.072629 -0.061745 0.994825
1311868168.899300 0.652493 0.047653 -0.114598 -0.019147 -0.103026 -0.063886 0.992440
1311868169.363470 0.691180 -0.034522 -0.028494 0.013678 -0.172471 -0.102582 0.979563
1311868169.731279 0.746517 -0.114456 0.026405 0.045167 -0.232171 -0.141647 0.961245
1311868170.299432 0.848399 -0.161422 0.031931 0.052011 -0.251470 -0.114020 0.959717
1311868171.131477 1.000050 -0.110432 -0.033602 0.034963 -0.265310 -0.133133 0.954287
1311868171.799464 1.160190 -0.100393 0.012756 0.026624 -0.303471 -0.177241 0.935832
1311868172.363479 1.281900 -0.092797 0.088731 -0.013478 -0.310711 -0.197469 0.929668
1311868172.699619 1.326320 -0.090385 0.150378 -0.044790 -0.295201 -0.209565 0.931092
1311868172.963571 1.336880 -0.093993 0.228569 -0.076103 -0.287336 -0.216861 0.929848
1311868173.431624 1.356180 -0.148392 0.320767 -0.071420 -0.289832 -0.224443 0.927643
1311868173.831620 1.386200 -0.186620 0.391004 -0.066402 -0.316794 -0.224224 0.919215
1311868174.231617 1.452100 -0.259406 0.461224 -0.037523 -0.370652 -0.260535 0.890691
1311868174.631772 1.500800 -0.295993 0.518478 -0.032412 -0.402739 -0.267658 0.874706
1311868175.031665 1.486800 -0.359093 0.562091 -0.004401 -0.413216 -0.251229 0.875281
1311868175.167807 1.460030 -0.390771 0.571521 0.010398 -0.414469 -0.252312 0.874326
1311868175.367738 1.434690 -0.422869 0.594583 0.048754 -0.429558 -0.228745 0.872226
1311868175.699784 1.412460 -0.485379 0.651971 0.069638 -0.453981 -0.203030 0.864772
1311868175.867687 1.414330 -0.515622 0.675760 0.078693 -0.468074 -0.204553 0.856080
1311868176.032043 1.434320 -0.541567 0.712154 0.083264 -0.490468 -0.211645 0.841257
1311868176.231937 1.468990 -0.573639 0.768111 0.085838 -0.514555 -0.236039 0.819848
1311868176.431678 1.506400 -0.595917 0.834536 0.070576 -0.524333 -0.251267 0.810530
1311868176.731819 1.536430 -0.619301 0.906996 0.044332 -0.530509 -0.262210 0.804885
1311868177.267807 1.513290 -0.664358 1.003460 0.045230 -0.521690 -0.279218 0.804880
1311868177.832005 1.482120 -0.702891 1.122410 0.020578 -0.528527 -0.298421 0.794468
1311868178.100039 1.509520 -0.716151 1.184220 0.015057 -0.563006 -0.322227 0.760899
1311868178.400074 1.554270 -0.736745 1.250320 0.019519 -0.581525 -0.344121 0.736904
1311868178.668047 1.598270 -0.743057 1.275670 0.000470 -0.600431 -0.342195 0.722762
1311868179.032182 1.701190 -0.748372 1.268850 -0.009210 -0.602809 -0.341747 0.720934
1311868179.300467 1.796740 -0.743302 1.255110 -0.018988 -0.593981 -0.347685 0.725218
1311868179.668182 1.886610 -0.754760 1.268820 -0.042716 -0.575260 -0.359433 0.733525
1311868180.232155 2.005800 -0.803324 1.343580 -0.055688 -0.590450 -0.375649 0.712148
1311868180.531936 2.053320 -0.820723 1.390340 -0.073442 -0.603012 -0.386069 0.694215
1311868181.668011 2.025850 -0.868009 1.488800 -0.069481 -0.582422 -0.387345 0.711281
1311868182.268066 1.847900 -0.893678 1.529180 -0.060397 -0.580747 -0.375727 0.719663
1311868182.600295 1.749510 -0.917999 1.560460 -0.052174 -0.586887 -0.365656 0.720512
1311868182.868215 1.662440 -0.956414 1.599340 -0.029260 -0.623105 -0.359933 0.693781
1311868183.168211 1.538600 -1.034290 1.651450 -0.005313 -0.660546 -0.381164 0.646812
1311868183.500255 1.430190 -1.085540 1.676280 -0.000972 -0.693549 -0.398646 0.600059
1311868183.836230 1.321650 -1.115350 1.699760 -0.033601 -0.707332 -0.397041 0.583876
1311868184.169015 1.206650 -1.155150 1.695730 -0.019823 -0.707147 -0.387191 0.591297
1311868184.536326 1.106700 -1.177490 1.722070 -0.012997 -0.714914 -0.379041 0.587416
1311868184.836324 1.009200 -1.217370 1.754500 -0.004037 -0.748599 -0.377878 0.544786
1311868185.136538 0.923071 -1.257810 1.784470 0.011102 -0.768104 -0.385827 0.510911
1311868185.401199 0.849326 -1.279550 1.802130 0.013986 -0.780866 -0.371075 0.502351
1311868185.668624 0.793727 -1.290850 1.808350 0.039658 -0.778679 -0.356483 0.514788
1311868185.800441 0.773235 -1.293640 1.813960 0.039443 -0.780949 -0.340947 0.521842
1311868185.900384 0.758662 -1.292370 1.819230 0.030007 -0.784547 -0.341203 0.516881
1311868186.000413 0.736973 -1.296100 1.822850 0.028248 -0.787503 -0.349131 0.507098
1311868186.168524 0.709669 -1.301360 1.841740 -0.026952 0.795774 0.362402 -0.484441
1311868186.537052 0.677475 -1.304000 1.906050 -0.005641 0.821736 0.390159 -0.415325
1311868187.136587 0.755823 -1.333350 1.980810 0.014818 0.822285 0.405693 -0.398799
1311868187.468568 0.818480 -1.352670 2.032260 0.015940 0.802515 0.431344 -0.411895
1311868187.936595 0.843323 -1.395510 2.123070 0.019383 0.803018 0.438330 -0.403304
1311868188.200610 0.824893 -1.416070 2.218310 0.032258 0.815195 0.448906 -0.364554
1311868188.537539 0.817366 -1.395070 2.326550 0.037287 0.810690 0.480464 -0.332483
1311868188.968696 0.911754 -1.409800 2.416600 0.073300 0.802857 0.496106 -0.322376
1311868189.400547 1.024700 -1.442450 2.481990 0.076715 0.777216 0.525120 -0.338082
1311868190.168751 1.058180 -1.513030 2.659530 0.082098 0.763613 0.534957 -0.352103
1311868192.240525 0.953497 -1.615270 2.837370 0.073737 0.758894 0.525474 -0.377518
1311868193.710143 0.755121 -1.625220 2.695830 0.048644 0.806551 0.511011 -0.293217
1311868195.441781 0.647537 -1.760010 2.717260 0.035552 0.832997 0.466054 -0.296050
1311868196.410126 0.723608 -1.799040 2.879840 0.051432 0.788482 0.494397 -0.362246
1311868197.169013 0.750135 -1.850920 3.015340 0.075042 0.762332 0.511813 -0.388929
1311868197.937196 0.707537 -1.918820 3.146710 0.087377 0.750216 0.557186 -0.345087
1311868199.405159 0.499835 -1.900750 3.186630 0.089077 0.749041 0.573061 -0.320318
1311868200.237169 0.365054 -1.927510 3.229750 0.077333 0.774127 0.585152 -0.228787
1311868201.305293 0.212750 -1.977830 3.344880 0.084952 0.779263 0.593164 -0.183545
1311868202.773447 0.005913 -1.966470 3.373700 0.059740 0.772901 0.614912 -0.144697
1311868203.673562 -0.080391 -2.028200 3.259780 0.061466 0.813267 0.574700 -0.067369
1311868204.637637 -0.269128 -2.124610 3.106380 0.045017 0.808408 0.586841 0.008193
1311868205.573643 -0.368575 -2.233740 3.015520 0.050001 0.837507 0.543823 0.018371
1311868207.873905 -0.549224 -2.111270 3.105820 0.020964 0.837022 0.544930 0.044798
1311868209.073793 -0.684197 -1.999050 3.262980 0.018670 0.804086 0.592797 0.041090
1311868211.505937 -0.931487 -1.773700 3.246890 0.018746 0.793465 0.596834 0.117689
1311868213.274014 -1.209710 -1.718130 3.237560 0.011193 0.801967 0.585096 0.119947
1311868214.706198 -1.349440 -1.610780 3.107120 0.031900 0.807171 0.553458 0.202832
1311868215.642404 -1.405700 -1.632250 3.028880 0.003694 0.807511 0.514229 0.288930
1311868216.474357 -1.393690 -1.715660 2.952460 0.009561 0.812126 0.491922 0.313644
1311868217.074615 -1.418600 -1.758860 2.898290 0.017915 0.824003 0.476256 0.306396
1311868219.042799 -1.459010 -1.669700 2.914400 0.014756 0.837019 0.442441 0.321602
1311868219.442491 -1.494960 -1.570870 2.950710 0.028584 0.829575 0.449729 0.329746
1311868219.910641 -1.512810 -1.480350 2.993130 0.048640 0.806844 0.465110 0.360984
1311868220.442609 -1.532540 -1.402900 3.057750 0.044668 0.782155 0.484540 0.389177
1311868221.543040 -1.619510 -1.332380 3.117460 0.022261 0.762345 0.506644 0.402052
1311868223.343366 -1.720450 -1.248810 2.999780 0.015425 0.745955 0.507104 0.431461
1311868224.812285 -1.872130 -1.179660 2.886450 0.022537 0.739192 0.482623 0.469215
1311868226.247306 -2.024960 -1.110140 2.799110 0.014723 0.725443 0.466593 0.505774
1311868227.010946 -2.065770 -1.068900 2.658770 0.021634 0.728131 0.460858 0.506920
1311868227.610890 -2.072660 -1.034620 2.536550 0.032300 0.721605 0.443240 0.530831
1311868228.378967 -2.140630 -0.990860 2.419030 0.018070 0.676441 0.405804 0.614349
1311868229.044504 -2.222280 -0.947477 2.320130 0.002143 0.669231 0.395152 0.629269
1311868229.647479 -2.171290 -0.965618 2.227970 -0.002523 0.665746 0.411629 0.622364
1311868230.083190 -2.077630 -1.013770 2.143100 0.000313 0.662388 0.416327 0.622828
1311868230.343265 -2.032310 -1.041400 2.097300 -0.003258 0.673554 0.412226 0.613501
1311868230.643420 -1.977640 -1.054510 2.033520 0.013503 0.669213 0.439251 0.599191
1311868230.884514 -1.964760 -1.066720 1.993150 0.016943 0.677108 0.417951 0.605438
1311868231.083967 -1.931840 -1.069760 1.951050 -0.000091 0.683623 0.401977 0.609158
1311868231.343237 -1.911960 -1.086290 1.911100 -0.039271 0.678542 0.404475 0.611914
1311868231.743341 -1.837830 -1.124420 1.870830 -0.058140 0.679100 0.402643 0.611000
1311868232.084470 -1.786150 -1.178330 1.855160 -0.068533 0.672884 0.406845 0.614009
1311868232.443259 -1.723100 -1.224490 1.840580 -0.066775 0.671720 0.415256 0.609832
1311868233.111321 -1.671090 -1.291240 1.848110 -0.050878 0.680803 0.393734 0.615543
1311868233.911537 -1.766550 -1.208580 1.809930 -0.033727 0.663431 0.375386 0.646379
1311868234.211483 -1.831130 -1.175300 1.771400 -0.035647 0.665775 0.359181 0.653041
1311868234.479529 -1.903280 -1.143920 1.753120 -0.038551 0.661716 0.332397 0.670938
1311868234.743637 -1.968470 -1.103360 1.732540 -0.042367 0.658577 0.328623 0.675639
1311868235.043680 -2.032850 -1.057110 1.710010 -0.045692 0.653124 0.329107 0.680463
1311868235.343699 -2.081930 -1.002790 1.684360 -0.041542 0.649929 0.338246 0.679306
1311868235.679690 -2.108610 -0.942239 1.655100 -0.034541 0.665946 0.331315 0.667497
1311868236.043684 -2.123770 -0.881069 1.625960 -0.029269 0.656598 0.328465 0.678331
1311868236.379539 -2.119720 -0.829050 1.586930 -0.035339 0.635467 0.324403 0.699782
1311868236.779605 -2.116750 -0.771369 1.554180 -0.019784 0.623849 0.314543 0.715181
1311868237.079739 -2.127860 -0.723181 1.534930 -0.011117 0.608494 0.316602 0.727581
1311868237.379984 -2.144730 -0.672442 1.489170 -0.000978 0.592760 0.308078 0.744126
1311868237.611575 -2.158920 -0.635711 1.431730 -0.015437 0.579591 0.294162 0.759806
1311868237.879660 -2.188660 -0.593698 1.369600 -0.024418 0.562690 0.277520 0.778310
1311868238.179768 -2.216810 -0.538529 1.305450 -0.027071 0.546278 0.282100 0.788205
1311868238.711811 -2.206280 -0.483656 1.234490 -0.030931 0.541662 0.282627 0.791055
1311868239.111923 -2.164280 -0.439930 1.182050 -0.034582 0.536505 0.283663 0.794042
1311868239.579832 -2.128410 -0.392809 1.136370 -0.028893 0.499560 0.277658 0.820068
1311868239.912048 -2.118900 -0.359087 1.106980 -0.039002 0.473566 0.262937 0.839690
1311868240.247823 -2.125260 -0.316171 1.030210 -0.047457 0.454264 0.247691 0.854424
1311868240.447900 -2.140230 -0.286616 0.980552 -0.063347 0.450944 0.231081 0.859789
1311868240.879754 -2.164990 -0.237957 0.929451 -0.068915 0.444993 0.230846 0.862521
1311868241.379991 -2.102160 -0.296261 0.889830 -0.077082 0.449002 0.245824 0.855585
1311868241.679969 -2.062070 -0.349679 0.867815 -0.061268 0.446713 0.252359 0.856159
1311868241.947838 -2.022760 -0.383130 0.833772 -0.060343 0.437660 0.223296 0.868879
1311868242.312146 -1.997790 -0.409509 0.769666 -0.067749 0.408371 0.191978 0.889825
1311868242.712253 -1.975330 -0.396707 0.731425 -0.057577 0.369728 0.173630 0.910955
1311868243.448204 -1.936320 -0.356887 0.668782 -0.032396 0.385791 0.157049 0.908544
1311868243.747912 -1.919060 -0.326035 0.604620 -0.052825 0.353751 0.127602 0.925088
1311868244.048067 -1.899170 -0.289607 0.538371 -0.068153 0.324554 0.116831 0.936147
1311868244.380022 -1.886370 -0.231126 0.484943 -0.068919 0.295132 0.095424 0.948178
1311868244.748285 -1.866260 -0.168634 0.437065 -0.069128 0.299304 0.096506 0.946745
1311868245.048320 -1.826440 -0.136667 0.412065 -0.084319 0.318550 0.103426 0.938466
1311868245.548216 -1.751710 -0.100709 0.365135 -0.060910 0.293234 0.087283 0.950098
1311868245.816257 -1.718120 -0.073280 0.326869 -0.060658 0.289855 0.108241 0.948993
1311868246.080289 -1.685010 -0.050703 0.276232 -0.085535 0.269884 0.098005 0.954066
1311868246.516170 -1.685410 -0.003964 0.178382 -0.106930 0.260646 0.089896 0.955274
1311868247.216432 -1.672340 0.030844 0.079820 -0.116084 0.284728 0.102203 0.946049
1311868248.080326 -1.507690 -0.073595 0.114101 -0.099535 0.273429 0.082170 0.953193
1311868248.616364 -1.384630 -0.135365 0.127254 -0.114162 0.233191 0.062880 0.963657
1311868248.880380 -1.322880 -0.176965 0.118655 -0.137744 0.213510 0.039842 0.966361
1311868249.148549 -1.254310 -0.211878 0.110388 -0.140544 0.229458 0.037230 0.962398
1311868249.480373 -1.211350 -0.248147 0.125047 -0.130156 0.234264 0.034178 0.962815
1311868249.816620 -1.179010 -0.297002 0.162575 -0.121057 0.240363 0.029244 0.962661
1311868250.116495 -1.151820 -0.360218 0.209206 -0.105686 0.254497 0.023256 0.961000
1311868250.516364 -1.132030 -0.426983 0.263579 -0.091049 0.244910 0.018702 0.965080
1311868250.948745 -1.126190 -0.488976 0.290028 -0.073779 0.236103 0.012383 0.968844
1311868251.881180 -1.065960 -0.425866 0.184814 -0.080893 0.227910 -0.007550 0.970287
1311868252.280693 -0.994750 -0.406881 0.082504 -0.084390 0.215463 -0.037469 0.972137
1311868252.550037 -0.942084 -0.371157 0.013709 -0.094166 0.200106 -0.045478 0.974178
1311868252.848740 -0.746349 -0.310675 -0.085422 -0.107664 0.168961 -0.029209 0.979289
1311868253.416763 -0.542972 -0.259624 -0.139561 -0.117411 0.162644 -0.012947 0.979589
1311868253.848746 -0.414043 -0.251431 -0.148371 -0.109870 0.145505 -0.004400 0.983228
1311868254.416896 -0.254661 -0.223838 -0.184949 -0.123683 0.094431 -0.027215 0.987443
1311868254.784875 -0.141262 -0.201212 -0.230500 -0.150890 0.052397 -0.052229 0.985778
1311868255.185128 -0.042215 -0.169940 -0.267146 -0.160775 0.028195 -0.053586 0.985132
1311868255.716862 0.045671 -0.152553 -0.281831 -0.156483 0.020418 -0.052458 0.986075
1311868256.284837 0.175383 -0.198285 -0.250283 -0.160760 0.008076 -0.071921 0.984337
1311868256.749056 0.277220 -0.244344 -0.223630 -0.132533 -0.004237 -0.075380 0.988299
1311868257.317019 0.387855 -0.317590 -0.202319 -0.136690 -0.051529 -0.125453 0.981286
1311868257.985217 0.491428 -0.427140 -0.183054 -0.137254 -0.105169 -0.178028 0.968714
1311868258.449148 0.502808 -0.531405 -0.100880 -0.165985 -0.135803 -0.201221 0.955781
1311868259.048922 0.517724 -0.661874 -0.002768 -0.137920 -0.161425 -0.202020 0.956090
