0 rgb/1305031910.765238.png 1 0 0 0 0 0 0
1 rgb/1305031910.797230.png 0.999997 -0.00168362 -0.00119815 -0.00134359 -0.000540896 0.00194891 -0.0026851
2 rgb/1305031910.835208.png 0.999982 -0.00374686 -0.00383423 -0.00281674 0.000577726 0.00348022 -0.00576434
3 rgb/1305031910.865025.png 0.999933 -0.00785837 -0.00332988 -0.00784507 0.00752929 0.00495328 -0.00991429
4 rgb/1305031910.897222.png 0.999879 -0.0031936 0.00253107 -0.0150315 0.0197662 0.00673849 -0.0251549
5 rgb/1305031910.935211.png 0.999856 0.00770942 -0.00502187 -0.0142868 0.0610998 0.000455478 -0.0418549
6 rgb/1305031910.965249.png 0.999816 0.0112551 -0.00409273 -0.0149864 0.0697736 -3.39713e-05 -0.0440182
7 rgb/1305031910.997325.png 0.999154 0.0152755 -0.0270261 -0.0269785 0.152696 0.001515 -0.0667032
8 rgb/1305031911.035050.png 0.998749 0.0158714 -0.0343055 -0.0327195 0.186259 0.0113274 -0.0763065
9 rgb/1305031911.065269.png 0.998014 0.00889526 -0.0505997 -0.0364398 0.232422 0.020596 -0.0820882
10 rgb/1305031911.097196.png 0.997761 -0.0094714 -0.0588067 -0.0304007 0.285537 0.0326756 -0.0858786
11 rgb/1305031911.135664.png 0.997748 -0.00765963 -0.0581552 -0.0325199 0.291667 0.0350435 -0.0889568
12 rgb/1305031911.165177.png 0.997827 -0.00598741 -0.0563276 -0.0336455 0.297902 0.0380245 -0.0903102
13 rgb/1305031911.197213.png 0.998657 -0.0107827 -0.0368897 -0.0347421 0.315921 0.0524143 -0.125733
14 rgb/1305031911.235651.png 0.999258 -0.0112858 -0.0225025 -0.0291456 0.314652 0.0671103 -0.149788
15 rgb/1305031911.265104.png 0.999209 -0.0263784 -0.0129111 -0.0267921 0.308679 0.092751 -0.180149
16 rgb/1305031911.297334.png 0.998709 -0.0468396 -0.00338941 -0.0193499 0.311855 0.124672 -0.201731
17 rgb/1305031911.333191.png 0.998291 -0.0536952 0.00108599 -0.0230521 0.319708 0.135597 -0.212049
18 rgb/1305031911.365235.png 0.998634 -0.0481911 0.00377879 -0.0198291 0.355404 0.149782 -0.235405
19 rgb/1305031911.397333.png 0.998664 -0.0380413 -0.0144334 -0.0318371 0.422588 0.149651 -0.25083
20 rgb/1305031911.433256.png 0.994258 -0.0387266 -0.0823325 -0.0563282 0.654292 0.121514 -0.235353
21 rgb/1305031911.465250.png 0.994418 -0.0362366 -0.0830783 -0.0540228 0.667456 0.107891 -0.212979
22 rgb/1305031911.497291.png 0.993831 -0.0390644 -0.0849899 -0.0595834 0.669526 0.0977925 -0.193413
23 rgb/1305031911.533251.png 0.993244 -0.0411254 -0.0890456 -0.0620087 0.666671 0.0827543 -0.171648
24 rgb/1305031911.565335.png 0.993101 -0.0348344 -0.0903076 -0.0661903 0.66405 0.070517 -0.160353
25 rgb/1305031911.597302.png 0.993226 -0.0203416 -0.094709 -0.0641824 0.646157 0.0554866 -0.131994
26 rgb/1305031911.633337.png 0.993011 -0.0209444 -0.0981524 -0.0620964 0.648922 0.0469288 -0.111564
27 rgb/1305031911.665124.png 0.987261 -0.00326985 -0.1372 -0.0805008 0.670304 -0.00620053 -0.0545723
28 rgb/1305031911.697167.png 0.982279 0.00411929 -0.162804 -0.0927653 0.684131 -0.0311471 -0.0304164
29 rgb/1305031911.733203.png 0.977234 0.0141184 -0.182578 -0.107145 0.697436 -0.0554593 -0.0110145
30 rgb/1305031911.765284.png 0.973441 0.0192251 -0.197506 -0.114164 0.706952 -0.0728947 0.000305371
31 rgb/1305031911.797297.png 0.967368 0.0324119 -0.214472 -0.130961 0.729311 -0.107135 0.0227175
32 rgb/1305031911.833338.png 0.960028 0.0412098 -0.238673 -0.140299 0.757449 -0.134296 0.0423571
33 rgb/1305031911.865269.png 0.959922 0.0460005 -0.24582 -0.126514 0.799526 -0.163892 0.062465
34 rgb/1305031911.897159.png 0.958908 0.0494794 -0.254389 -0.115474 0.833972 -0.177874 0.0563059
35 rgb/1305031911.933063.png 0.959028 0.0476008 -0.255063 -0.113768 0.859622 -0.17279 0.0427728
36 rgb/1305031911.965140.png 0.957332 0.0454535 -0.256393 -0.125344 0.882046 -0.156273 0.02245
37 rgb/1305031911.997252.png 0.95686 0.0445848 -0.257381 -0.127226 0.88955 -0.153399 0.0187027
38 rgb/1305031912.033135.png 0.956457 0.028908 -0.262244 -0.124828 0.955833 -0.136739 -0.0132578
39 rgb/1305031912.065365.png 0.956451 0.0335988 -0.260528 -0.127269 0.987558 -0.137062 -0.0214312
40 rgb/1305031912.096953.png 0.952728 0.0284896 -0.273101 -0.130048 1.02281 -0.133326 -0.0242374
41 rgb/1305031912.133282.png 0.948967 0.0286889 -0.282127 -0.137995 1.05629 -0.128076 -0.0199627
42 rgb/1305031912.165138.png 0.945003 0.0286183 -0.290224 -0.148056 1.08086 -0.128953 -0.0143077
43 rgb/1305031912.197357.png 0.939543 0.0267908 -0.301834 -0.159494 1.12807 -0.129385 -0.00368808
44 rgb/1305031912.233265.png 0.934667 0.0223272 -0.311364 -0.17015 1.17413 -0.126271 0.0127469
45 rgb/1305031912.265090.png 0.931918 0.010703 -0.314974 -0.17946 1.21562 -0.121564 0.0354972
46 rgb/1305031912.297250.png 0.929933 0.000938422 -0.318501 -0.183795 1.25374 -0.118254 0.0569286
47 rgb/1305031912.333274.png 0.932104 -0.0491534 -0.293144 -0.206962 1.20416 -0.21215 0.0201484
48 rgb/1305031912.365250.png 0.92252 -0.043794 -0.311696 -0.223348 1.3263 -0.250633 0.048319
49 rgb/1305031912.397198.png 0.921833 -0.0463081 -0.309107 -0.2292 1.32694 -0.263467 0.0843028
50 rgb/1305031912.433290.png 0.922167 -0.0468828 -0.307746 -0.229569 1.32657 -0.266818 0.0918436
51 rgb/1305031912.465142.png 0.920753 -0.0414922 -0.30659 -0.237686 1.32374 -0.296282 0.131404
52 rgb/1305031912.497123.png 0.921253 -0.0414475 -0.30748 -0.234589 1.32684 -0.29895 0.135702
53 rgb/1305031912.533113.png 0.91851 -0.0431342 -0.31916 -0.229379 1.3445 -0.333993 0.187438
54 rgb/1305031912.565146.png 0.915726 -0.0426715 -0.326413 -0.230389 1.34803 -0.343997 0.205832
55 rgb/1305031912.597090.png 0.88374 -0.015912 -0.384608 -0.266134 1.40119 -0.417893 0.269814
56 rgb/1305031912.633132.png 0.877571 -0.00809813 -0.394375 -0.27253 1.42388 -0.441942 0.294979
57 rgb/1305031912.665220.png 0.869981 -0.00570072 -0.406621 -0.278855 1.44904 -0.46155 0.321836
58 rgb/1305031912.697182.png 0.866777 -0.00511785 -0.413033 -0.279422 1.45612 -0.464619 0.330894
59 rgb/1305031912.733125.png 0.861628 -0.00638137 -0.427815 -0.273006 1.4677 -0.487628 0.358192
60 rgb/1305031912.765193.png 0.860948 -0.00513796 -0.429579 -0.272406 1.46579 -0.493466 0.362366
61 rgb/1305031912.797155.png 0.85983 0.011519 -0.436386 -0.264814 1.46289 -0.529871 0.382692
62 rgb/1305031912.833077.png 0.861397 0.0212041 -0.435054 -0.261294 1.44986 -0.545375 0.389426
63 rgb/1305031912.865153.png 0.860095 0.0358426 -0.43647 -0.261623 1.42493 -0.577123 0.395224
64 rgb/1305031912.897198.png 0.858766 0.0449915 -0.438195 -0.261691 1.41913 -0.591199 0.397178
65 rgb/1305031912.933115.png 0.858809 0.0742713 -0.442202 -0.247768 1.40677 -0.599985 0.404578
66 rgb/1305031912.965034.png 0.856997 0.0733222 -0.451785 -0.236792 1.40084 -0.608473 0.414118
67 rgb/1305031912.997049.png 0.855076 0.0774439 -0.461057 -0.22422 1.39063 -0.631467 0.434709
68 rgb/1305031913.033133.png 0.854976 0.0824405 -0.46243 -0.219953 1.38874 -0.635457 0.440998
69 rgb/1305031913.065209.png 0.852989 0.085282 -0.469448 -0.211556 1.3789 -0.650093 0.45136
70 rgb/1305031913.097038.png 0.843956 0.0781291 -0.477591 -0.231391 1.37845 -0.771445 0.450601
71 rgb/1305031913.133146.png 0.811387 0.0866716 -0.520087 -0.252288 1.40262 -0.849379 0.515954
72 rgb/1305031913.165211.png 0.803233 0.0882048 -0.528137 -0.260976 1.41266 -0.86318 0.53413
73 rgb/1305031913.197113.png 0.795146 0.0830297 -0.537161 -0.2689 1.42929 -0.88071 0.564311
74 rgb/1305031913.233126.png 0.792806 0.0806355 -0.539441 -0.271955 1.43411 -0.887873 0.575441
75 rgb/1305031913.265022.png 0.786654 0.0654672 -0.543927 -0.284664 1.45852 -0.906856 0.631947
76 rgb/1305031913.297160.png 0.780556 0.0421716 -0.550632 -0.292845 1.48058 -0.942239 0.723343
77 rgb/1305031913.333122.png 0.78177 0.0418993 -0.547972 -0.294631 1.47713 -0.948081 0.733139
78 rgb/1305031913.365070.png 0.786187 0.050072 -0.545336 -0.286378 1.47329 -0.903012 0.766301
79 rgb/1305031913.397099.png 0.787568 0.0559418 -0.539559 -0.292378 1.45928 -0.914744 0.784436
80 rgb/1305031913.433081.png 0.788042 0.0559437 -0.538551 -0.292957 1.45487 -0.916222 0.789772
81 rgb/1305031913.465231.png 0.786657 0.0413685 -0.538086 -0.299871 1.42549 -0.943347 0.863246
82 rgb/1305031913.497227.png 0.785017 0.0406287 -0.536373 -0.30725 1.4203 -0.949685 0.878328
83 rgb/1305031913.533297.png 0.783168 0.0360754 -0.537498 -0.310554 1.41805 -0.951953 0.895766
84 rgb/1305031913.565261.png 0.761879 0.0313406 -0.560282 -0.323486 1.42968 -0.9664 0.940596
85 rgb/1305031913.597139.png 0.757639 0.0312663 -0.564334 -0.326396 1.43371 -0.969333 0.948239
86 rgb/1305031913.633293.png 0.736541 0.0452552 -0.583457 -0.339171 1.45136 -0.929399 1.01335
87 rgb/1305031913.665421.png 0.730852 0.0457441 -0.5877 -0.344052 1.46723 -0.929067 1.02928
88 rgb/1305031913.697243.png 0.719398 0.0291206 -0.601232 -0.346611 1.48471 -0.936357 1.05167
89 rgb/1305031913.733097.png 0.714275 0.0227567 -0.608703 -0.344637 1.50728 -0.940531 1.06331
90 rgb/1305031913.765028.png 0.710214 0.0138599 -0.614208 -0.343734 1.60491 -0.938078 1.06177
91 rgb/1305031913.797106.png 0.711357 0.00629598 -0.612649 -0.344376 1.6604 -0.930236 1.05292
92 rgb/1305031913.833143.png 0.717888 -0.00893678 -0.600103 -0.352752 1.75771 -0.926653 1.06314
93 rgb/1305031913.865063.png 0.724249 -0.010791 -0.591702 -0.353886 1.78422 -0.922878 1.06472
94 rgb/1305031913.897116.png 0.727229 -0.0154693 -0.585716 -0.357542 1.81391 -0.92752 1.07973
95 rgb/1305031913.933123.png 0.728333 -0.0155159 -0.583922 -0.358226 1.82103 -0.928188 1.08187
96 rgb/1305031913.965134.png 0.729028 -0.0161495 -0.583052 -0.358202 1.82883 -0.928768 1.085
97 rgb/1305031913.997116.png 0.709289 -0.019849 -0.598966 -0.371154 1.89623 -0.958004 1.13658
98 rgb/1305031914.033441.png 0.70814 -0.0220631 -0.599845 -0.371803 1.90313 -0.962231 1.14322
99 rgb/1305031914.065072.png 0.697271 -0.0334865 -0.609396 -0.375939 1.93915 -0.978471 1.18503
100 rgb/1305031914.097126.png 0.686445 -0.0436064 -0.617537 -0.381498 1.96327 -0.98499 1.21758
101 rgb/1305031914.133245.png 0.682903 -0.0464931 -0.619363 -0.384541 1.96873 -0.988819 1.22893
102 rgb/1305031914.165013.png 0.68813 -0.0462095 -0.616521 -0.379796 1.99487 -1.01506 1.27871
103 rgb/1305031914.197110.png 0.693226 -0.0434286 -0.613393 -0.375901 1.99647 -1.02444 1.29387
104 rgb/1305031914.233108.png 0.695599 -0.0425071 -0.610913 -0.375661 1.99345 -1.02805 1.30244
105 rgb/1305031914.265074.png 0.69614 -0.0429034 -0.60781 -0.379625 1.98306 -1.03331 1.31351
106 rgb/1305031914.297165.png 0.69867 -0.0435768 -0.60389 -0.381155 1.96418 -1.03724 1.32268
107 rgb/1305031914.333148.png 0.705029 -0.0377289 -0.597095 -0.380773 1.82905 -1.06295 1.34974
108 rgb/1305031914.365058.png 0.704917 -0.0360606 -0.597803 -0.380033 1.8181 -1.06465 1.35004
109 rgb/1305031914.397215.png 0.706518 -0.0364733 -0.599001 -0.3751 1.77494 -1.07569 1.35663
110 rgb/1305031914.433060.png 0.708715 -0.0345552 -0.598418 -0.372056 1.74129 -1.078 1.36881
111 rgb/1305031914.465054.png 0.711592 -0.0373544 -0.596066 -0.370064 1.71247 -1.08091 1.37893
112 rgb/1305031914.497127.png 0.70817 -0.0274637 -0.605364 -0.362321 1.6524 -1.10706 1.39276
113 rgb/1305031914.533107.png 0.700658 -0.0180805 -0.617343 -0.357266 1.62157 -1.12958 1.40227
114 rgb/1305031914.565001.png 0.697674 -0.0144125 -0.621878 -0.355404 1.61213 -1.13432 1.40574
115 rgb/1305031914.597122.png 0.673645 -0.00457696 -0.646629 -0.357845 1.55666 -1.15851 1.437
116 rgb/1305031914.633055.png 0.625717 0.0217224 -0.682176 -0.377681 1.44012 -1.23943 1.48713
117 rgb/1305031914.665019.png 0.615825 0.0263377 -0.686886 -0.385039 1.41537 -1.25311 1.49509
118 rgb/1305031914.697129.png 0.568019 0.00016779 -0.723572 -0.392172 1.31283 -1.29756 1.51037
119 rgb/1305031914.733078.png 0.565342 -0.00490898 -0.726467 -0.390654 1.30205 -1.30141 1.51649
120 rgb/1305031914.764901.png 0.566669 -0.0118334 -0.72683 -0.387899 1.26506 -1.31406 1.52564
121 rgb/1305031914.797119.png 0.564093 -0.0143624 -0.724018 -0.396728 1.20246 -1.33193 1.52277
122 rgb/1305031914.833133.png 0.563915 -0.0119068 -0.72355 -0.397913 1.18652 -1.3395 1.52151
123 rgb/1305031914.865128.png 0.573927 0.00255803 -0.724438 -0.381828 1.12379 -1.36216 1.51475
124 rgb/1305031914.897188.png 0.578485 0.00730665 -0.722856 -0.377865 1.08253 -1.3688 1.52564
125 rgb/1305031914.933099.png 0.571707 0.0057469 -0.728319 -0.377718 1.04032 -1.38201 1.53392
126 rgb/1305031914.964978.png 0.56363 0.00721425 -0.738236 -0.370512 1.00777 -1.38798 1.54694
127 rgb/1305031914.997078.png 0.539722 0.00827918 -0.755243 -0.371807 0.963659 -1.40431 1.56268
128 rgb/1305031915.033152.png 0.520958 0.0196163 -0.769157 -0.369618 0.920471 -1.43325 1.57525
129 rgb/1305031915.065009.png 0.50444 0.0266891 -0.778685 -0.37213 0.881851 -1.45654 1.58992
130 rgb/1305031915.097024.png -0.493802 -0.0350057 0.783101 0.376415 0.858449 -1.46457 1.59744
131 rgb/1305031915.133208.png -0.482217 -0.0308209 0.791543 0.374135 0.809114 -1.4843 1.60493
132 rgb/1305031915.165021.png -0.480748 -0.0367366 0.796501 0.364856 0.785807 -1.48924 1.61138
133 rgb/1305031915.197108.png -0.491779 -0.0479827 0.79381 0.354568 0.748889 -1.49537 1.62083
134 rgb/1305031915.233111.png -0.494099 -0.0613535 0.795193 0.346079 0.724613 -1.50278 1.62071
135 rgb/1305031915.264979.png 0.501083 0.0610672 -0.797553 -0.330298 0.708557 -1.50697 1.62551
136 rgb/1305031915.297152.png -0.492994 -0.0543588 0.798506 0.34116 0.684858 -1.50997 1.61174
137 rgb/1305031915.333207.png -0.482937 -0.0573691 0.797713 0.35656 0.661782 -1.51566 1.59515
138 rgb/1305031915.365050.png -0.468946 -0.056719 0.801238 0.367274 0.64187 -1.52366 1.6024
139 rgb/1305031915.397167.png -0.451223 -0.0486682 0.808264 0.375153 0.627228 -1.5261 1.61696
140 rgb/1305031915.432960.png -0.440211 -0.0472579 0.815375 0.373022 0.6601 -1.48676 1.62326
141 rgb/1305031915.464920.png -0.430829 -0.0431699 0.818188 0.378274 0.651937 -1.48931 1.6367
142 rgb/1305031915.497121.png -0.413316 -0.0279305 0.82388 0.386797 0.647594 -1.49396 1.6612
143 rgb/1305031915.533058.png -0.405639 -0.028648 0.825535 0.391316 0.670872 -1.49811 1.68173
144 rgb/1305031915.564985.png -0.408632 -0.036709 0.824753 0.389173 0.733438 -1.46702 1.69267
145 rgb/1305031915.601161.png -0.414124 -0.0356012 0.822239 0.388792 0.760376 -1.47403 1.70574
146 rgb/1305031915.633062.png -0.422725 -0.0314484 0.814694 0.395714 0.798401 -1.47773 1.72523
147 rgb/1305031915.665003.png -0.421615 -0.0253951 0.806607 0.4135 0.821852 -1.48362 1.74027
148 rgb/1305031915.701106.png -0.437271 -0.0289978 0.795881 0.417764 0.847266 -1.49638 1.76599
149 rgb/1305031915.733046.png -0.439984 -0.0268158 0.79371 0.41919 0.861323 -1.50732 1.79366
150 rgb/1305031915.765010.png -0.436276 -0.0215931 0.795261 0.420426 0.863123 -1.51558 1.81361
151 rgb/1305031915.801243.png -0.426666 -0.0261688 0.798987 0.422957 0.864083 -1.52484 1.83742
152 rgb/1305031915.833049.png -0.404658 -0.0258059 0.808038 0.42739 0.85891 -1.54205 1.89015
153 rgb/1305031915.865069.png -0.385339 -0.0127206 0.813442 0.435506 0.847454 -1.55284 1.94171
154 rgb/1305031915.901234.png -0.369272 -0.0179008 0.810327 0.454631 0.833938 -1.55253 1.99636
155 rgb/1305031915.933056.png -0.367266 -0.0183933 0.808052 0.460252 0.831468 -1.55167 2.00686
156 rgb/1305031915.965061.png -0.366263 -0.0181209 0.805966 0.464697 0.830233 -1.55069 2.01422
157 rgb/1305031916.001234.png -0.352761 0.000914979 0.807669 0.472473 0.839624 -1.55344 2.04372
158 rgb/1305031916.033043.png -0.348912 0.00982769 0.807532 0.475454 0.859618 -1.56009 2.07045
159 rgb/1305031916.065060.png -0.348636 0.0141922 0.805405 0.479141 0.874231 -1.56338 2.08292
160 rgb/1305031916.101115.png -0.349745 0.0258771 0.799522 0.487621 0.925708 -1.56691 2.1128
161 rgb/1305031916.133093.png -0.348875 0.0418786 0.797041 0.491182 0.945143 -1.56931 2.12412
162 rgb/1305031916.165155.png -0.352271 0.0442998 0.791211 0.497924 0.971097 -1.57656 2.15003
163 rgb/1305031916.201031.png -0.357784 0.0385571 0.786922 0.501256 0.997009 -1.57907 2.15987
164 rgb/1305031916.233050.png -0.360058 0.0392382 0.78436 0.503587 1.00929 -1.58043 2.1659
165 rgb/1305031916.265060.png -0.361839 0.0399927 0.777698 0.512504 1.03373 -1.58589 2.17747
166 rgb/1305031916.301076.png -0.369911 0.0403889 0.766414 0.523589 1.07612 -1.59818 2.19887
167 rgb/1305031916.333426.png -0.368775 0.0394864 0.76498 0.526548 1.08567 -1.60346 2.2065
168 rgb/1305031916.365121.png -0.368286 0.0432912 0.764618 0.527117 1.09727 -1.6082 2.21882
169 rgb/1305031916.401006.png -0.370799 0.0469097 0.762025 0.528797 1.09624 -1.62018 2.25169
170 rgb/1305031916.433168.png -0.37886 0.0464972 0.758473 0.528227 1.09945 -1.63661 2.28301
171 rgb/1305031916.465124.png -0.380563 0.0460385 0.757109 0.528998 1.09816 -1.64423 2.29826
172 rgb/1305031916.501025.png -0.383032 0.044207 0.756863 0.527723 1.09647 -1.66182 2.32413
173 rgb/1305031916.533266.png -0.382789 0.0451844 0.757078 0.527508 1.09719 -1.66724 2.33203
174 rgb/1305031916.565142.png -0.385093 0.04364 0.757511 0.525335 1.09054 -1.69561 2.37548
175 rgb/1305031916.601238.png -0.386606 0.0424488 0.75722 0.524741 1.09151 -1.69994 2.38321
176 rgb/1305031916.633156.png -0.387329 0.0417193 0.757192 0.524307 1.09264 -1.70434 2.39043
177 rgb/1305031916.665139.png -0.387465 0.0433627 0.757973 0.522942 1.09196 -1.71382 2.40556
178 rgb/1305031916.701048.png -0.390214 0.0426972 0.757922 0.521023 1.08743 -1.72694 2.42906
179 rgb/1305031916.733056.png -0.392682 0.0413392 0.756068 0.521971 1.08242 -1.73439 2.44165
180 rgb/1305031916.765076.png -0.393578 0.0402631 0.756096 0.52134 1.08267 -1.73824 2.44607
181 rgb/1305031916.801088.png -0.392866 0.0408199 0.760067 0.516032 1.08384 -1.75333 2.46523
182 rgb/1305031916.833266.png -0.391997 0.0430325 0.761335 0.514642 1.085 -1.75676 2.47354
183 rgb/1305031916.865085.png -0.392688 0.0447417 0.758726 0.517814 1.08355 -1.7594 2.48985
184 rgb/1305031916.901017.png -0.393389 0.0456404 0.757302 0.519284 1.08381 -1.75877 2.49115
185 rgb/1305031916.933088.png -0.391532 0.046989 0.756204 0.522161 1.07366 -1.76298 2.50384
186 rgb/1305031916.965054.png -0.390948 0.0462949 0.756396 0.522382 1.07181 -1.76381 2.50502
187 rgb/1305031917.001132.png -0.39093 0.0455374 0.757212 0.521278 1.07039 -1.76698 2.5075
188 rgb/1305031917.033155.png -0.390794 0.0400443 0.759595 0.518357 1.06368 -1.78187 2.51631
189 rgb/1305031917.065136.png -0.390608 0.0383361 0.759738 0.518417 1.06179 -1.78631 2.51991
190 rgb/1305031917.101130.png -0.391763 0.0339136 0.759268 0.518542 1.05521 -1.79205 2.5232
191 rgb/1305031917.133106.png -0.392661 0.0349946 0.758687 0.51864 1.05312 -1.79295 2.52403
192 rgb/1305031917.165045.png -0.394785 0.0381124 0.757651 0.518323 1.03853 -1.79602 2.52431
193 rgb/1305031917.201175.png -0.396667 0.0386335 0.75686 0.518004 1.02907 -1.79693 2.52303
194 rgb/1305031917.233102.png -0.40054 0.0369906 0.753737 0.519694 1.00803 -1.79337 2.51619
195 rgb/1305031917.265163.png -0.406047 0.0372389 0.75034 0.520317 0.984483 -1.78894 2.50453
196 rgb/1305031917.301107.png -0.408328 0.0354464 0.749569 0.519769 0.97449 -1.78831 2.49575
197 rgb/1305031917.333229.png -0.407506 0.032831 0.750093 0.519829 0.969658 -1.78839 2.49145
198 rgb/1305031917.365138.png -0.407353 0.0309381 0.750481 0.519505 0.96523 -1.78854 2.48738
199 rgb/1305031917.401065.png -0.411544 0.030865 0.750808 0.515721 0.94732 -1.78808 2.47355
200 rgb/1305031917.433141.png -0.412829 0.0290888 0.752052 0.512976 0.936044 -1.78497 2.45447
201 rgb/1305031917.465076.png -0.408691 0.029521 0.75444 0.512759 0.924912 -1.78218 2.44429
202 rgb/1305031917.501158.png -0.407238 0.0296703 0.756251 0.511236 0.912857 -1.77777 2.42935
203 rgb/1305031917.533057.png -0.406172 0.029476 0.75739 0.510408 0.909293 -1.77657 2.4247
204 rgb/1305031917.565195.png -0.403037 0.0275577 0.761231 0.507277 0.89767 -1.77541 2.4136
205 rgb/1305031917.601069.png -0.398843 0.0275215 0.764617 0.505499 0.890523 -1.77777 2.40324
206 rgb/1305031917.633090.png -0.385906 0.023217 0.771279 0.505635 0.873759 -1.78584 2.38875
207 rgb/1305031917.665060.png -0.377194 0.0306856 0.774687 0.506601 0.872656 -1.78829 2.38316
208 rgb/1305031917.701096.png -0.370184 0.034968 0.77587 0.509675 0.867564 -1.7901 2.38234
209 rgb/1305031917.733003.png -0.365035 0.0376189 0.776629 0.512038 0.859597 -1.79199 2.37965
210 rgb/1305031917.765114.png -0.352306 0.03796 0.779722 0.516211 0.840128 -1.79813 2.37548
211 rgb/1305031917.801048.png -0.348742 0.0361779 0.781296 0.516381 0.837704 -1.80121 2.37387
212 rgb/1305031917.833090.png -0.331038 0.0178845 0.788864 0.517483 0.817045 -1.82088 2.36234
213 rgb/1305031917.865107.png -0.325781 0.013363 0.791783 0.516497 0.810469 -1.82808 2.35711
214 rgb/1305031917.901060.png -0.32158 0.0111216 0.795106 0.514073 0.803602 -1.83456 2.35318
215 rgb/1305031917.932948.png -0.317834 0.00552418 0.79966 0.509408 0.791403 -1.8446 2.34971
216 rgb/1305031917.965346.png -0.319213 0.00243422 0.804196 0.501365 0.783092 -1.85579 2.3442
217 rgb/1305031918.001098.png -0.317717 0.00302485 0.805031 0.500972 0.780659 -1.85899 2.34277
218 rgb/1305031918.033144.png -0.316731 0.00376047 0.805608 0.500663 0.779413 -1.86139 2.34235
219 rgb/1305031918.065137.png -0.314626 0.00521992 0.802786 0.506477 0.772253 -1.86895 2.33914
220 rgb/1305031918.101060.png -0.308874 0.00659849 0.803815 0.508366 0.762111 -1.87982 2.32674
221 rgb/1305031918.133054.png -0.311223 0.00606286 0.806577 0.502532 0.756304 -1.88879 2.322
222 rgb/1305031918.165017.png -0.315827 0.000824881 0.810225 0.49375 0.747931 -1.90306 2.31414
223 rgb/1305031918.201086.png -0.316569 -0.000411387 0.810751 0.49241 0.747228 -1.9056 2.31243
224 rgb/1305031918.233042.png -0.316451 0.00233858 0.814813 0.485731 0.747072 -1.91538 2.30527
225 rgb/1305031918.265256.png -0.309418 0.0091201 0.818864 0.483365 0.738458 -1.92431 2.3071
226 rgb/1305031918.301124.png -0.309017 0.0089 0.819918 0.481835 0.735886 -1.92656 2.31084
227 rgb/1305031918.333165.png -0.311676 0.00712454 0.820644 0.478906 0.732057 -1.93332 2.31245
228 rgb/1305031918.365072.png -0.31298 0.00676642 0.821641 0.476346 0.731247 -1.93798 2.31825
229 rgb/1305031918.401030.png -0.313577 0.0061666 0.822391 0.474664 0.727363 -1.94347 2.32611
230 rgb/1305031918.433043.png -0.316272 0.000695569 0.821979 0.473628 0.720828 -1.95239 2.33842
231 rgb/1305031918.465089.png -0.319544 -0.00186384 0.822059 0.471283 0.717636 -1.9616 2.35357
232 rgb/1305031918.501125.png -0.32887 -0.0087856 0.818116 0.471652 0.706129 -1.98172 2.39934
233 rgb/1305031918.533134.png -0.331496 -0.00526652 0.813217 0.478291 0.706263 -1.98531 2.42904
234 rgb/1305031918.565018.png -0.331595 -0.00495743 0.811476 0.481175 0.704236 -1.98606 2.43543
235 rgb/1305031918.601029.png -0.332914 -0.00582574 0.808386 0.485435 0.701477 -1.98662 2.44989
236 rgb/1305031918.633027.png -0.348533 -0.0110544 0.802843 0.483577 0.705569 -1.98957 2.47608
237 rgb/1305031918.665112.png -0.352439 -0.0110324 0.801644 0.482735 0.711476 -1.99025 2.48177
238 rgb/1305031918.701017.png -0.354461 0.000563777 0.797461 0.488277 0.726447 -1.99199 2.50628
239 rgb/1305031918.765151.png -0.37623 0.00651831 0.78533 0.491597 0.75772 -1.99468 2.53883
240 rgb/1305031918.801097.png -0.383196 0.0133406 0.782579 0.490464 0.768362 -1.99566 2.54738
241 rgb/1305031918.833123.png -0.393032 0.0236126 0.77595 0.49282 0.789594 -1.99644 2.56502
242 rgb/1305031918.865115.png -0.398474 0.0317327 0.772191 0.493897 0.797921 -1.99645 2.57459
243 rgb/1305031918.901084.png -0.40018 0.0356217 0.770111 0.495498 0.79941 -1.99569 2.57957
244 rgb/1305031918.933071.png -0.416606 0.044571 0.759696 0.497309 0.809033 -2.00076 2.61557
245 rgb/1305031918.965058.png -0.423786 0.0436114 0.756366 0.496403 0.806435 -2.01152 2.64108
246 rgb/1305031919.001053.png -0.410335 0.0380669 0.759032 0.504032 0.797401 -2.03559 2.69479
247 rgb/1305031919.033082.png -0.39324 0.0360063 0.760132 0.51601 0.783658 -2.04561 2.72295
248 rgb/1305031919.065147.png -0.383276 0.0330608 0.761288 0.521966 0.775538 -2.05178 2.73893
249 rgb/1305031919.101028.png -0.374607 0.0313905 0.761228 0.528411 0.76418 -2.06006 2.76282
250 rgb/1305031919.133133.png -0.371154 0.0321452 0.761411 0.530534 0.759852 -2.06323 2.77127
251 rgb/1305031919.165110.png -0.363538 0.0412477 0.759072 0.53847 0.738756 -2.07265 2.8091
252 rgb/1305031919.201124.png -0.35886 0.0417945 0.7575 0.543753 0.728669 -2.07455 2.82889
253 rgb/1305031919.233093.png -0.359477 0.0459703 0.756528 0.544362 0.722971 -2.07556 2.84119
254 rgb/1305031919.265125.png -0.359095 0.049315 0.756102 0.544914 0.720287 -2.07608 2.84729
255 rgb/1305031919.301119.png -0.359394 0.0563749 0.752929 0.548414 0.709535 -2.07494 2.86257
256 rgb/1305031919.333120.png -0.36347 0.0532151 0.750121 0.549889 0.698718 -2.07456 2.87309
257 rgb/1305031919.364948.png -0.365212 0.0549201 0.749454 0.549476 0.685817 -2.07732 2.88468
258 rgb/1305031919.401124.png -0.373033 0.057787 0.746994 0.547274 0.670702 -2.07726 2.89648
259 rgb/1305031919.433256.png -0.370979 0.061069 0.745917 0.549777 0.646653 -2.07416 2.90333
260 rgb/1305031919.465070.png -0.364175 0.0539977 0.745771 0.555237 0.611647 -2.07337 2.90479
261 rgb/1305031919.501049.png -0.362649 0.0548574 0.74556 0.556434 0.605804 -2.07294 2.90432
262 rgb/1305031919.533110.png -0.360959 0.0560576 0.745558 0.557415 0.600301 -2.07302 2.90376
263 rgb/1305031919.565165.png -0.355552 0.0568401 0.745751 0.560543 0.588709 -2.07178 2.90227
264 rgb/1305031919.601094.png -0.352397 0.0548523 0.74617 0.562174 0.583689 -2.07235 2.90166
265 rgb/1305031919.633127.png -0.347124 0.0513404 0.748003 0.563348 0.571895 -2.07208 2.90072
266 rgb/1305031919.665042.png -0.340472 0.0510347 0.750991 0.563461 0.549227 -2.0741 2.9014
267 rgb/1305031919.701092.png -0.335909 0.0530981 0.752885 0.563482 0.522947 -2.07152 2.90256
268 rgb/1305031919.733117.png -0.334853 0.0549474 0.753201 0.563511 0.517859 -2.07103 2.90271
269 rgb/1305031919.765060.png -0.333465 0.0563462 0.753283 0.564086 0.509233 -2.06985 2.90322
270 rgb/1305031919.801129.png -0.330359 0.0592779 0.754927 0.563415 0.492397 -2.06767 2.90347
271 rgb/1305031919.833072.png -0.321715 0.0617453 0.758943 0.562756 0.476814 -2.06702 2.9038
272 rgb/1305031919.865180.png -0.313192 0.0624349 0.761504 0.564027 0.470048 -2.06675 2.90492
273 rgb/1305031919.901067.png -0.302692 0.0622087 0.7642 0.566134 0.461211 -2.06722 2.90653
274 rgb/1305031919.933102.png -0.298893 0.0620621 0.765203 0.566813 0.456541 -2.06839 2.90771
275 rgb/1305031919.965129.png -0.276698 0.0583537 0.770204 0.571683 0.427029 -2.07421 2.91504
276 rgb/1305031920.001054.png -0.272471 0.0560247 0.771674 0.571963 0.420617 -2.07618 2.91682
277 rgb/1305031920.033118.png -0.260249 0.0564202 0.775837 0.571984 0.401971 -2.08811 2.92642
278 rgb/1305031920.065136.png -0.255424 0.0576049 0.776336 0.573363 0.394467 -2.09036 2.92944
279 rgb/1305031920.101055.png -0.238537 0.0467 0.778651 0.578466 0.359959 -2.10892 2.94761
280 rgb/1305031920.132987.png -0.227427 0.0468371 0.779182 0.582203 0.338718 -2.11897 2.96115
281 rgb/1305031920.165140.png -0.222704 0.0446266 0.779042 0.584386 0.326738 -2.12557 2.971
282 rgb/1305031920.201166.png -0.22025 0.045136 0.778797 0.585603 0.320702 -2.12861 2.97676
283 rgb/1305031920.233083.png -0.208596 0.044722 0.778081 0.590829 0.296252 -2.1378 2.99669
284 rgb/1305031920.265120.png -0.208072 0.0435607 0.778038 0.591158 0.290226 -2.1403 3.00199
285 rgb/1305031920.301096.png -0.20338 0.0483995 0.778971 0.591186 0.264789 -2.15183 3.0259
286 rgb/1305031920.333124.png -0.201878 0.0489973 0.779154 0.59141 0.256489 -2.15564 3.03382
287 rgb/1305031920.365130.png -0.201021 0.0495736 0.779409 0.591318 0.252732 -2.15696 3.03722
288 rgb/1305031920.401115.png -0.194209 0.0534175 0.782519 0.589148 0.232541 -2.16605 3.0538
289 rgb/1305031920.433123.png -0.195952 0.0546488 0.782622 0.58832 0.225545 -2.16652 3.05622
290 rgb/1305031920.465148.png -0.192752 0.0545054 0.784422 0.586993 0.217153 -2.1697 3.05996
291 rgb/1305031920.501107.png -0.196444 0.0549806 0.783054 0.58755 0.191571 -2.16684 3.06139
292 rgb/1305031920.533105.png -0.190597 0.053167 0.784787 0.58733 0.168084 -2.16373 3.0596
293 rgb/1305031920.565153.png -0.189917 0.0533459 0.784349 0.58812 0.164699 -2.16276 3.05944
294 rgb/1305031920.633105.png -0.187026 0.0525379 0.783316 0.590491 0.158199 -2.16203 3.05969
295 rgb/1305031920.665129.png -0.184981 0.0506991 0.782663 0.592159 0.154444 -2.16172 3.05986
296 rgb/1305031920.701147.png -0.179633 0.0470665 0.779334 0.598463 0.128615 -2.15713 3.06326
297 rgb/1305031920.733091.png -0.177601 0.0477315 0.778615 0.599951 0.124068 -2.15745 3.065
298 rgb/1305031920.765152.png -0.165551 0.0440168 0.775513 0.607649 0.105183 -2.15618 3.07046
299 rgb/1305031920.801031.png -0.161357 0.0439457 0.773955 0.61076 0.0935092 -2.15371 3.07225
300 rgb/1305031920.833132.png -0.155963 0.041882 0.773438 0.612958 0.0614486 -2.15725 3.07831
301 rgb/1305031920.865163.png -0.155454 0.0387853 0.772964 0.613888 0.0544064 -2.15654 3.07861
302 rgb/1305031920.901037.png -0.154896 0.0268525 0.781823 0.603358 -0.0175062 -2.17091 3.08156
303 rgb/1305031920.933077.png -0.151638 0.0259865 0.783678 0.601815 -0.0215352 -2.17216 3.07945
304 rgb/1305031920.965217.png -0.145519 0.0228665 0.787427 0.59855 -0.0283838 -2.17602 3.07498
305 rgb/1305031921.001108.png -0.11629 0.028069 0.825582 0.551457 -0.132289 -1.75394 2.9728
306 rgb/1305031921.033111.png -0.0859103 0.019461 0.828474 0.553059 -0.211772 -1.80752 2.90358
307 rgb/1305031921.065147.png -0.0766477 0.0187214 0.827893 0.55531 -0.239098 -1.82865 2.88884
308 rgb/1305031921.101105.png -0.0731809 0.0190498 0.826731 0.557494 -0.244864 -1.83238 2.88503
309 rgb/1305031921.133159.png -0.0696827 0.0202654 0.825691 0.559437 -0.250479 -1.83487 2.87997
310 rgb/1305031921.165116.png -0.0578121 0.0192668 0.822105 0.566067 -0.269387 -1.84544 2.86742
311 rgb/1305031921.201159.png -0.0612651 0.0105431 0.823853 0.563386 -0.292245 -1.86402 2.85416
312 rgb/1305031921.233189.png -0.0418598 0.0186526 0.822039 0.567586 -0.323333 -1.90312 2.83552
313 rgb/1305031921.265164.png -0.0426847 0.0153085 0.824064 0.56468 -0.347273 -1.92066 2.82138
314 rgb/1305031921.301188.png -0.0128551 -0.0621199 0.866536 0.495068 -0.345008 -1.38305 2.77553
315 rgb/1305031921.333158.png -0.0256209 -0.0666559 0.873145 0.482204 -0.345967 -1.39679 2.75912
316 rgb/1305031921.365112.png -0.0272218 -0.070358 0.876849 0.474812 -0.347571 -1.40428 2.74648
317 rgb/1305031921.401108.png -0.0395919 -0.0710108 0.885978 0.456547 -0.355705 -1.42196 2.72446
318 rgb/1305031921.433143.png -0.0224129 -0.0939881 0.872773 0.478469 -0.383686 -1.34959 2.74722
319 rgb/1305031921.465014.png -0.0198414 -0.0937796 0.872491 0.479138 -0.387483 -1.34517 2.75512
320 rgb/1305031921.501096.png -0.0160294 -0.094046 0.871244 0.481491 -0.392723 -1.34351 2.75637
321 rgb/1305031921.533099.png -0.000913302 -0.101312 0.868362 0.485473 -0.425599 -1.33455 2.77789
322 rgb/1305031921.565119.png 0.015565 -0.0912973 0.865461 0.492342 -0.465829 -1.32721 2.80024
323 rgb/1305031921.601114.png 0.0147589 -0.0873069 0.863085 0.497238 -0.519626 -1.31244 2.82565
324 rgb/1305031921.633107.png 0.0154589 -0.0889694 0.860877 0.500738 -0.539722 -1.30278 2.83597
325 rgb/1305031921.701068.png 0.0145982 -0.0908342 0.859577 0.502658 -0.543224 -1.30217 2.83587
326 rgb/1305031921.733068.png 0.00609156 -0.0958682 0.855714 0.508456 -0.577071 -1.28127 2.86136
327 rgb/1305031921.765060.png 0.00471229 -0.109717 0.847829 0.518776 -0.614002 -1.26428 2.90533
328 rgb/1305031921.801034.png 0.00749349 -0.106269 0.845783 0.522785 -0.627726 -1.2587 2.92086
329 rgb/1305031921.833122.png 0.00708332 -0.102564 0.843679 0.526913 -0.64878 -1.25197 2.93681
330 rgb/1305031921.865148.png 0.00590861 -0.0931394 0.834602 0.542893 -0.699115 -1.2294 2.96785
331 rgb/1305031921.901117.png 0.00581668 -0.0924086 0.83302 0.545441 -0.704931 -1.22638 2.97193
332 rgb/1305031921.933132.png 0.00339108 -0.0891555 0.828874 0.552277 -0.720143 -1.20886 2.97799
333 rgb/1305031921.965107.png -0.00364046 -0.0908169 0.825714 0.556721 -0.732979 -1.18545 2.98715
334 rgb/1305031922.001101.png -0.00223435 -0.0914062 0.821704 0.562535 -0.740996 -1.16583 2.98916
335 rgb/1305031922.033170.png -0.00109828 -0.0916854 0.820594 0.56411 -0.744372 -1.1611 2.98627
336 rgb/1305031922.101032.png -0.00744368 -0.0827283 0.818129 0.569006 -0.765011 -1.13036 2.98367
337 rgb/1305031922.133245.png -0.00788821 -0.0800766 0.818479 0.568876 -0.771968 -1.11684 2.97785
338 rgb/1305031922.165062.png -0.00270862 -0.0754402 0.818673 0.569279 -0.789412 -1.09881 2.96965
339 rgb/1305031922.201057.png 0.00548343 -0.0748492 0.816643 0.572245 -0.803634 -1.08793 2.95248
340 rgb/1305031922.233248.png 0.00206538 -0.0861731 0.817885 0.56889 -0.813254 -1.0723 2.94499
341 rgb/1305031922.265183.png 0.00429711 -0.0844899 0.820843 0.564855 -0.81746 -1.06217 2.94612
342 rgb/1305031922.301137.png 0.0106136 -0.0849722 0.822153 0.562791 -0.829613 -1.05653 2.94255
343 rgb/1305031922.333215.png 0.0116528 -0.0871067 0.822925 0.561314 -0.834238 -1.04663 2.94453
344 rgb/1305031922.365143.png 0.015665 -0.083911 0.821321 0.564045 -0.840392 -1.03937 2.94724
345 rgb/1305031922.401139.png 0.0186075 -0.0838686 0.817698 0.569203 -0.845248 -1.03354 2.94338
346 rgb/1305031922.465219.png 0.0179035 -0.0842348 0.817225 0.569851 -0.844706 -1.02713 2.94123
347 rgb/1305031922.501312.png 0.0264734 -0.0775015 0.817021 0.570764 -0.856987 -1.02459 2.93757
348 rgb/1305031922.533139.png 0.028102 -0.0790751 0.81729 0.570085 -0.859202 -1.02477 2.93653
349 rgb/1305031922.565031.png 0.038562 -0.0829238 0.819879 0.565187 -0.870156 -1.02675 2.93632
350 rgb/1305031922.601111.png 0.0511002 -0.0819342 0.819053 0.565535 -0.893582 -1.03345 2.93341
351 rgb/1305031922.665318.png 0.0562946 -0.0880416 0.818156 0.565422 -0.918267 -1.0332 2.93057
352 rgb/1305031922.701355.png 0.0584603 -0.0860464 0.818002 0.565733 -0.931485 -1.03361 2.93056
353 rgb/1305031922.733235.png 0.0674772 -0.0874565 0.815524 0.568086 -0.959938 -1.03867 2.92982
354 rgb/1305031922.765373.png 0.0699441 -0.0913883 0.814817 0.568182 -0.988459 -1.04193 2.93106
355 rgb/1305031922.801220.png 0.0717035 -0.0914177 0.814389 0.568573 -0.999312 -1.04331 2.93201
356 rgb/1305031922.833262.png 0.0756501 -0.0931787 0.813852 0.568543 -1.01775 -1.04562 2.93223
357 rgb/1305031922.865045.png 0.0856969 -0.0983358 0.810829 0.570566 -1.08796 -1.05702 2.93905
358 rgb/1305031922.901109.png 0.0850209 -0.0965776 0.810772 0.571048 -1.11363 -1.05774 2.94607
359 rgb/1305031922.965220.png 0.0854896 -0.0968855 0.808898 0.573578 -1.14556 -1.06134 2.94965
360 rgb/1305031923.001054.png 0.081742 -0.0982868 0.807862 0.575343 -1.19909 -1.06752 2.95672
361 rgb/1305031923.065085.png 0.0809347 -0.0992755 0.808634 0.574202 -1.21017 -1.06926 2.9579
362 rgb/1305031923.101056.png 0.0783015 -0.0978802 0.809223 0.573976 -1.21466 -1.06881 2.95777
363 rgb/1305031923.133238.png 0.073335 -0.0953162 0.810707 0.572969 -1.22764 -1.069 2.95344
364 rgb/1305031923.165168.png 0.0670054 -0.0948835 0.813248 0.570209 -1.24554 -1.07079 2.94482
365 rgb/1305031923.201181.png 0.0658225 -0.0950207 0.814117 0.569082 -1.24781 -1.06946 2.94474
366 rgb/1305031923.265159.png 0.0619307 -0.0995178 0.816518 0.565298 -1.27724 -1.06731 2.92349
367 rgb/1305031923.301183.png 0.0664042 -0.0976089 0.815611 0.566432 -1.28744 -1.06657 2.90922
368 rgb/1305031923.333169.png 0.078061 -0.101056 0.817737 0.561251 -1.29851 -1.06204 2.88476
369 rgb/1305031923.365230.png 0.0813323 -0.101289 0.818596 0.559489 -1.30409 -1.0625 2.88073
370 rgb/1305031923.401139.png 0.0935395 -0.103046 0.816784 0.559909 -1.32996 -1.05833 2.85451
371 rgb/1305031923.433112.png 0.0972038 -0.106801 0.815542 0.560392 -1.33573 -1.05553 2.84544
372 rgb/1305031923.465290.png 0.102304 -0.112631 0.814796 0.559427 -1.3416 -1.05064 2.83211
373 rgb/1305031923.501145.png 0.103105 -0.109187 0.816839 0.556978 -1.3487 -1.04474 2.82472
374 rgb/1305031923.533199.png 0.113768 -0.103162 0.820938 0.54998 -1.37056 -1.04452 2.79511
375 rgb/1305031923.565198.png 0.126841 -0.0847607 0.819415 0.552529 -1.3843 -1.04456 2.78054
376 rgb/1305031923.601069.png 0.129641 -0.0844777 0.820165 0.550808 -1.39364 -1.04248 2.76849
377 rgb/1305031923.633244.png 0.132071 -0.0828392 0.819869 0.550919 -1.39644 -1.04236 2.76486
378 rgb/1305031923.665141.png 0.150539 -0.0879095 0.818393 0.547581 -1.41436 -1.04139 2.74855
379 rgb/1305031923.701144.png 0.173938 -0.0907693 0.816292 0.543301 -1.43227 -1.04226 2.72709
380 rgb/1305031923.733145.png 0.194512 -0.0916565 0.813459 0.540418 -1.44801 -1.04436 2.71275
381 rgb/1305031923.765175.png 0.207669 -0.102456 0.81059 0.537887 -1.45831 -1.04454 2.69936
382 rgb/1305031923.801150.png 0.220949 -0.107113 0.809423 0.533427 -1.47166 -1.04752 2.68345
383 rgb/1305031923.833045.png 0.224675 -0.10852 0.80891 0.532364 -1.47459 -1.04898 2.67979
384 rgb/1305031923.865161.png 0.239315 -0.115077 0.804748 0.530913 -1.48329 -1.05682 2.65042
385 rgb/1305031923.901121.png 0.248239 -0.117923 0.804445 0.526633 -1.48285 -1.06548 2.6319
386 rgb/1305031923.933140.png 0.254234 -0.113676 0.805306 0.523381 -1.48342 -1.0728 2.6152
387 rgb/1305031923.965198.png 0.268598 -0.113786 0.804434 0.517491 -1.48385 -1.07856 2.60814
388 rgb/1305031924.001096.png 0.271584 -0.114467 0.804073 0.516342 -1.48233 -1.07956 2.60396
389 rgb/1305031924.033250.png 0.275107 -0.115395 0.803985 0.514404 -1.48204 -1.08159 2.60092
390 rgb/1305031924.065224.png 0.280074 -0.112787 0.8035 0.513057 -1.47775 -1.08812 2.58593
391 rgb/1305031924.101175.png 0.284961 -0.108321 0.802562 0.512797 -1.46595 -1.1086 2.55152
392 rgb/1305031924.133285.png 0.283345 -0.106566 0.803968 0.511857 -1.46478 -1.11103 2.54537
393 rgb/1305031924.165591.png 0.284826 -0.104406 0.805781 0.50862 -1.467 -1.11592 2.54378
394 rgb/1305031924.201130.png 0.28516 -0.1028 0.806126 0.508211 -1.46503 -1.11795 2.5378
395 rgb/1305031924.233238.png 0.293994 -0.0992512 0.804445 0.506546 -1.4668 -1.13227 2.51708
396 rgb/1305031924.265335.png 0.292873 -0.0994043 0.804989 0.5063 -1.46761 -1.13353 2.51214
397 rgb/1305031924.301099.png 0.285916 -0.0998871 0.808743 0.504194 -1.47156 -1.14052 2.4925
398 rgb/1305031924.333113.png 0.288683 -0.0931967 0.809581 0.502551 -1.47383 -1.14996 2.48013
399 rgb/1305031924.365169.png 0.293514 -0.0868013 0.81683 0.488985 -1.48723 -1.17547 2.44668
400 rgb/1305031924.401095.png 0.291796 -0.0866684 0.817709 0.488567 -1.48722 -1.17764 2.4439
401 rgb/1305031924.433069.png 0.284814 -0.0916083 0.819169 0.489341 -1.48641 -1.19112 2.42176
402 rgb/1305031924.465394.png 0.282646 -0.0874353 0.826942 0.478159 -1.48909 -1.20466 2.41412
403 rgb/1305031924.501116.png 0.282799 -0.0868854 0.830587 0.471809 -1.49119 -1.21159 2.41349
404 rgb/1305031924.533245.png 0.282906 -0.0882069 0.83166 0.469604 -1.49277 -1.21209 2.41227
405 rgb/1305031924.565264.png 0.281812 -0.0892704 0.828474 0.475653 -1.48685 -1.20006 2.40569
406 rgb/1305031924.601161.png 0.279615 -0.0935396 0.830635 0.47235 -1.48155 -1.19327 2.40263
407 rgb/1305031924.633221.png 0.281665 -0.0900964 0.834212 0.465447 -1.47356 -1.18848 2.41059
408 rgb/1305031924.665187.png 0.283777 -0.0883704 0.836051 0.461175 -1.47409 -1.18143 2.41741
409 rgb/1305031924.701168.png 0.283807 -0.0881316 0.835915 0.461449 -1.47384 -1.17877 2.41899
410 rgb/1305031924.733166.png 0.288003 -0.0820723 0.831834 0.467304 -1.48389 -1.15937 2.42381
411 rgb/1305031924.765170.png 0.287074 -0.0815578 0.831893 0.467862 -1.48522 -1.15618 2.42254
412 rgb/1305031924.801057.png 0.284823 -0.0743573 0.832627 0.469128 -1.50392 -1.14118 2.42471
413 rgb/1305031924.833187.png 0.297557 -0.069098 0.831435 0.464115 -1.51881 -1.13524 2.43428
414 rgb/1305031924.865165.png 0.306303 -0.0806606 0.829065 0.460789 -1.54761 -1.12078 2.44111
415 rgb/1305031924.901110.png 0.310464 -0.0919988 0.827154 0.459312 -1.56518 -1.1018 2.44107
416 rgb/1305031924.933186.png 0.311809 -0.0823481 0.827529 0.459556 -1.59727 -1.05925 2.4558
417 rgb/1305031924.969060.png 0.311513 -0.0810086 0.827218 0.460554 -1.60266 -1.05123 2.45985
418 rgb/1305031925.001103.png 0.326392 -0.0718169 0.812078 0.478376 -1.63036 -0.995644 2.47552
419 rgb/1305031925.033148.png 0.332265 -0.0605 0.803614 0.490048 -1.64736 -0.962025 2.48574
420 rgb/1305031925.069090.png 0.335443 -0.0593769 0.802154 0.490413 -1.65043 -0.956804 2.49015
421 rgb/1305031925.101107.png 0.338552 -0.0597046 0.800833 0.490395 -1.65256 -0.950518 2.49186
422 rgb/1305031925.133209.png 0.351424 -0.0498037 0.796123 0.490114 -1.66745 -0.920425 2.51606
423 rgb/1305031925.169080.png 0.353259 -0.0482058 0.79445 0.491666 -1.6718 -0.916016 2.52028
424 rgb/1305031925.201117.png 0.35633 -0.0491087 0.787825 0.499952 -1.67344 -0.90152 2.5324
425 rgb/1305031925.233193.png 0.358422 -0.0480261 0.782442 0.506965 -1.67957 -0.885947 2.54359
426 rgb/1305031925.269164.png 0.365708 -0.0534543 0.777793 0.508371 -1.69266 -0.866251 2.56122
427 rgb/1305031925.301283.png 0.370337 -0.0606797 0.772295 0.512573 -1.69841 -0.857885 2.57063
428 rgb/1305031925.333142.png 0.372737 -0.0638074 0.76753 0.517587 -1.70332 -0.853027 2.57689
429 rgb/1305031925.369107.png 0.372101 -0.0707994 0.761104 0.526547 -1.71775 -0.835442 2.59242
430 rgb/1305031925.401456.png 0.371792 -0.0707666 0.758766 0.530132 -1.72696 -0.831171 2.59633
431 rgb/1305031925.433406.png 0.372819 -0.0707589 0.756575 0.532537 -1.73053 -0.829126 2.59817
432 rgb/1305031925.469099.png 0.373644 -0.0698371 0.752005 0.538521 -1.74638 -0.819061 2.60361
433 rgb/1305031925.501267.png 0.374297 -0.0729958 0.751765 0.537983 -1.75804 -0.816936 2.60674
434 rgb/1305031925.533321.png 0.376079 -0.0742 0.750947 0.537718 -1.76399 -0.815944 2.60862
435 rgb/1305031925.569132.png 0.375784 -0.0746483 0.750445 0.538561 -1.77119 -0.812639 2.6132
436 rgb/1305031925.601218.png 0.376699 -0.0767353 0.751472 0.536193 -1.78025 -0.811234 2.61763
437 rgb/1305031925.633430.png 0.377418 -0.07922 0.752313 0.534143 -1.78587 -0.80993 2.62022
438 rgb/1305031925.669137.png 0.377729 -0.0800666 0.75258 0.533421 -1.79103 -0.812189 2.62186
439 rgb/1305031925.701322.png 0.37693 -0.0811373 0.75287 0.533414 -1.79367 -0.813216 2.62356
440 rgb/1305031925.733167.png 0.374361 -0.0794981 0.753151 0.535071 -1.79705 -0.813194 2.62557
441 rgb/1305031925.769246.png 0.372832 -0.0784077 0.754032 0.535059 -1.80025 -0.814953 2.62677
442 rgb/1305031925.801208.png 0.369071 -0.0777224 0.756043 0.534928 -1.80463 -0.814655 2.6269
443 rgb/1305031925.833148.png 0.366328 -0.0775353 0.756875 0.535664 -1.80545 -0.814505 2.62745
444 rgb/1305031925.869197.png 0.361553 -0.0739478 0.757215 0.538925 -1.81102 -0.814234 2.62276
445 rgb/1305031925.901176.png 0.359685 -0.0751157 0.758766 0.537831 -1.81663 -0.815251 2.6211
446 rgb/1305031925.933170.png 0.359109 -0.0749178 0.758724 0.538301 -1.8165 -0.814026 2.61887
447 rgb/1305031925.969198.png 0.355604 -0.0758285 0.76061 0.537839 -1.82588 -0.811917 2.6099
448 rgb/1305031926.001186.png 0.354876 -0.0759965 0.758928 0.540666 -1.83248 -0.808782 2.60045
449 rgb/1305031926.033156.png 0.355546 -0.074144 0.756809 0.543446 -1.84164 -0.803609 2.58281
450 rgb/1305031926.069077.png 0.367961 -0.0792193 0.753098 0.539606 -1.85128 -0.79867 2.56602
451 rgb/1305031926.101106.png 0.373081 -0.0826533 0.750359 0.539391 -1.85471 -0.796617 2.55953
452 rgb/1305031926.133181.png 0.378792 -0.0823717 0.744092 0.544116 -1.85976 -0.791633 2.54515
453 rgb/1305031926.169101.png 0.384508 -0.0869241 0.740091 0.544854 -1.86865 -0.787311 2.53066
454 rgb/1305031926.201141.png 0.387122 -0.0867226 0.738732 0.544879 -1.87126 -0.783104 2.5221
455 rgb/1305031926.233134.png 0.39352 -0.087952 0.736523 0.543087 -1.87603 -0.780925 2.51441
456 rgb/1305031926.269135.png 0.395271 -0.0872367 0.736817 0.54153 -1.8818 -0.780068 2.50707
457 rgb/1305031926.301054.png 0.401221 -0.0869657 0.734448 0.540415 -1.88843 -0.777426 2.49571
458 rgb/1305031926.333164.png 0.404486 -0.0864571 0.732326 0.540941 -1.8931 -0.773264 2.48845
459 rgb/1305031926.369064.png 0.406957 -0.0877433 0.731503 0.539994 -1.89866 -0.765627 2.47781
460 rgb/1305031926.401166.png 0.408408 -0.0872255 0.731345 0.539197 -1.90093 -0.763798 2.47504
461 rgb/1305031926.433155.png 0.410922 -0.0855064 0.730909 0.538152 -1.90483 -0.761631 2.47035
462 rgb/1305031926.469090.png 0.410925 -0.0850307 0.731124 0.537933 -1.9074 -0.760937 2.46917
463 rgb/1305031926.501075.png 0.409991 -0.0815165 0.733259 0.53628 -1.91379 -0.761326 2.45671
464 rgb/1305031926.533176.png 0.409788 -0.0780981 0.733102 0.537159 -1.91752 -0.761023 2.45457
465 rgb/1305031926.569122.png 0.409568 -0.0769879 0.732988 0.537642 -1.91981 -0.760748 2.45375
466 rgb/1305031926.601166.png 0.412389 -0.0727682 0.730898 0.538916 -1.92886 -0.758517 2.44761
467 rgb/1305031926.633127.png 0.412779 -0.0697567 0.730419 0.539666 -1.93492 -0.755554 2.44441
468 rgb/1305031926.669140.png 0.411546 -0.0661275 0.731242 0.539949 -1.94133 -0.754233 2.43895
469 rgb/1305031926.701042.png 0.418332 -0.0644804 0.729298 0.537557 -1.95835 -0.75061 2.42548
470 rgb/1305031926.733207.png 0.423299 -0.0683491 0.728459 0.534319 -1.96899 -0.748143 2.41266
471 rgb/1305031926.769141.png 0.427343 -0.0691153 0.727856 0.531818 -1.97336 -0.747642 2.40798
472 rgb/1305031926.801342.png 0.430579 -0.0694048 0.727614 0.529496 -1.97779 -0.747074 2.40357
473 rgb/1305031926.833209.png 0.442925 -0.0720016 0.722624 0.525787 -2.00981 -0.74492 2.37399
474 rgb/1305031926.869333.png 0.444982 -0.0759264 0.72269 0.5234 -2.02051 -0.743962 2.36517
475 rgb/1305031926.901097.png 0.448066 -0.0747669 0.72092 0.523378 -2.03892 -0.741997 2.34956
476 rgb/1305031926.933348.png 0.44912 -0.0765784 0.719916 0.523594 -2.05062 -0.738894 2.34086
477 rgb/1305031926.969122.png 0.450843 -0.0808623 0.718484 0.523437 -2.0663 -0.7339 2.3252
478 rgb/1305031927.001575.png 0.453608 -0.0828254 0.718213 0.521108 -2.07521 -0.732947 2.31676
479 rgb/1305031927.033929.png 0.455317 -0.0833496 0.718582 0.519022 -2.08322 -0.732311 2.30819
480 rgb/1305031927.070528.png 0.455749 -0.0827844 0.719031 0.51811 -2.08728 -0.732724 2.30439
481 rgb/1305031927.101272.png 0.458163 -0.0815697 0.71885 0.516421 -2.09579 -0.732219 2.29631
482 rgb/1305031927.133471.png 0.461036 -0.0810772 0.717744 0.51548 -2.11439 -0.732586 2.28608
483 rgb/1305031927.169161.png 0.46462 -0.0837957 0.715868 0.514434 -2.12754 -0.730122 2.2791
484 rgb/1305031927.201210.png 0.46655 -0.0836489 0.713998 0.51531 -2.14028 -0.728566 2.27354
485 rgb/1305031927.233491.png 0.47157 -0.0829359 0.711959 0.513675 -2.15976 -0.725862 2.26241
486 rgb/1305031927.269153.png 0.47934 -0.0789077 0.705936 0.515427 -2.17724 -0.720835 2.25357
487 rgb/1305031927.301135.png 0.482901 -0.0781487 0.703853 0.515066 -2.18363 -0.718798 2.24963
488 rgb/1305031927.333139.png 0.484097 -0.0783902 0.703242 0.514741 -2.18629 -0.719089 2.2498
489 rgb/1305031927.369147.png 0.485454 -0.0784344 0.702209 0.514867 -2.19387 -0.71595 2.24398
490 rgb/1305031927.401161.png 0.485968 -0.0783128 0.701841 0.514903 -2.19639 -0.716104 2.24188
491 rgb/1305031927.433274.png 0.487685 -0.0830571 0.701122 0.513513 -2.21014 -0.710978 2.22648
492 rgb/1305031927.469105.png 0.489222 -0.083274 0.702073 0.51071 -2.21439 -0.707261 2.21768
493 rgb/1305031927.501136.png 0.483099 -0.0837523 0.706388 0.51051 -2.22205 -0.709046 2.21123
494 rgb/1305031927.533182.png 0.480035 -0.0810806 0.706646 0.513466 -2.2255 -0.705455 2.20057
495 rgb/1305031927.569225.png 0.477817 -0.0788624 0.707022 0.515358 -2.23322 -0.699767 2.17504
496 rgb/1305031927.601132.png 0.47914 -0.0804508 0.707157 0.513698 -2.23822 -0.694961 2.16016
497 rgb/1305031927.633201.png 0.477548 -0.0814952 0.708232 0.513534 -2.24076 -0.693296 2.14768
498 rgb/1305031927.669158.png 0.481681 -0.0778493 0.702627 0.517921 -2.24159 -0.685004 2.11883
499 rgb/1305031927.701131.png 0.491361 -0.0776701 0.69999 0.512396 -2.2437 -0.678896 2.0862
500 rgb/1305031927.733219.png 0.491896 -0.07774 0.700582 0.511061 -2.24415 -0.679428 2.07856
501 rgb/1305031927.769158.png 0.491617 -0.0769335 0.701211 0.510588 -2.24446 -0.677419 2.07016
502 rgb/1305031927.801109.png 0.497362 -0.0796492 0.702772 0.502397 -2.24542 -0.667001 2.00448
503 rgb/1305031927.833282.png 0.502396 -0.070902 0.698674 0.504414 -2.24509 -0.660021 1.98041
504 rgb/1305031927.869143.png 0.503034 -0.0681108 0.699641 0.50282 -2.24614 -0.653515 1.96584
505 rgb/1305031927.901130.png 0.50424 -0.0681462 0.699622 0.501631 -2.24564 -0.652108 1.95992
506 rgb/1305031927.933465.png 0.507871 -0.0659597 0.697855 0.500721 -2.24628 -0.649999 1.94988
507 rgb/1305031927.969176.png 0.524234 -0.0629905 0.689056 0.496406 -2.24951 -0.63838 1.9165
508 rgb/1305031928.001134.png 0.539639 -0.0628157 0.6797 0.492807 -2.25546 -0.633459 1.89701
509 rgb/1305031928.033186.png 0.544325 -0.0630518 0.676467 0.492071 -2.25758 -0.62978 1.89135
510 rgb/1305031928.069125.png 0.571262 -0.0666506 0.659712 0.483739 -2.27415 -0.621279 1.85563
511 rgb/1305031928.101114.png 0.586805 -0.0676167 0.649657 0.478581 -2.28807 -0.611262 1.82835
512 rgb/1305031928.133202.png 0.593829 -0.068162 0.645996 0.474781 -2.29717 -0.611029 1.81549
513 rgb/1305031928.169018.png 0.597333 -0.0680134 0.643711 0.473507 -2.30063 -0.608492 1.80887
514 rgb/1305031928.201096.png 0.603027 -0.0672155 0.640179 0.471187 -2.31085 -0.606971 1.79697
515 rgb/1305031928.233133.png 0.604567 -0.06754 0.639176 0.470528 -2.31719 -0.607299 1.79223
516 rgb/1305031928.269216.png 0.61424 -0.0754188 0.634038 0.463705 -2.35041 -0.597958 1.74877
517 rgb/1305031928.301255.png 0.620976 -0.080507 0.628493 0.461421 -2.36412 -0.593873 1.72033
518 rgb/1305031928.333609.png 0.624891 -0.0820011 0.625886 0.459411 -2.3784 -0.590206 1.70435
519 rgb/1305031928.369520.png 0.626391 -0.084199 0.625592 0.457367 -2.38738 -0.586299 1.69367
520 rgb/1305031928.401116.png 0.623964 -0.0821498 0.626145 0.460292 -2.39431 -0.579729 1.67752
521 rgb/1305031928.433543.png 0.622723 -0.0806014 0.626791 0.461365 -2.39513 -0.575764 1.67222
522 rgb/1305031928.469232.png 0.617601 -0.0730722 0.631143 0.463567 -2.39485 -0.571433 1.65477
523 rgb/1305031928.501428.png 0.620339 -0.0730247 0.631796 0.459006 -2.39387 -0.569493 1.64455
524 rgb/1305031928.533982.png 0.616258 -0.0763966 0.634186 0.460654 -2.39534 -0.587359 1.63489
525 rgb/1305031928.569299.png 0.614373 -0.0803638 0.628914 0.469638 -2.38124 -0.5848 1.62503
526 rgb/1305031928.601271.png 0.615944 -0.0881101 0.620108 0.477829 -2.31992 -0.583044 1.57237
527 rgb/1305031928.633595.png 0.616506 -0.0896636 0.619257 0.47792 -2.31174 -0.584465 1.56679
528 rgb/1305031928.669146.png 0.616794 -0.0892019 0.618402 0.478741 -2.29446 -0.587495 1.55363
529 rgb/1305031928.701110.png 0.615556 -0.0829111 0.61809 0.481857 -2.25824 -0.598088 1.52898
530 rgb/1305031928.733185.png 0.613934 -0.0859214 0.616968 0.484829 -2.2105 -0.61335 1.49689
531 rgb/1305031928.769202.png 0.610417 -0.0871923 0.621914 0.482718 -2.19086 -0.609533 1.48597
532 rgb/1305031928.801117.png 0.606113 -0.0896155 0.629949 0.477248 -2.17077 -0.62202 1.46928
533 rgb/1305031928.833193.png 0.607367 -0.0882625 0.625585 0.481627 -2.15655 -0.632205 1.45332
534 rgb/1305031928.869148.png 0.608018 -0.0895491 0.622223 0.484912 -2.15403 -0.637529 1.44839
535 rgb/1305031928.901197.png 0.606796 -0.0894972 0.617666 0.492223 -2.14541 -0.637605 1.44207
536 rgb/1305031928.933215.png 0.598261 -0.0772291 0.615803 0.506865 -2.11967 -0.629518 1.4228
537 rgb/1305031928.969097.png 0.589087 -0.0751776 0.626583 0.504703 -2.09926 -0.627359 1.40055
538 rgb/1305031929.001155.png 0.594536 -0.0634401 0.631867 0.493206 -2.08955 -0.633249 1.3826
539 rgb/1305031929.033640.png 0.598166 -0.067508 0.635863 0.483037 -2.08428 -0.633539 1.36939
540 rgb/1305031929.069089.png 0.600675 -0.0810999 0.633072 0.481495 -2.06667 -0.631653 1.35126
541 rgb/1305031929.101213.png 0.601648 -0.0829879 0.633634 0.479215 -2.06147 -0.630538 1.34548
542 rgb/1305031929.133202.png 0.604786 -0.0903195 0.642004 0.462508 -2.04769 -0.638518 1.31416
543 rgb/1305031929.169204.png 0.606215 -0.109431 0.635687 0.465227 -2.03294 -0.640659 1.29713
544 rgb/1305031929.201163.png 0.605216 -0.114606 0.633982 0.467602 -2.02727 -0.641244 1.2926
545 rgb/1305031929.233293.png 0.605131 -0.13816 0.624639 0.473878 -1.98585 -0.640854 1.2693
546 rgb/1305031929.269214.png 0.605291 -0.139764 0.624196 0.473787 -1.97149 -0.644385 1.26402
547 rgb/1305031929.301292.png 0.60663 -0.139701 0.623724 0.472714 -1.96508 -0.647204 1.26226
548 rgb/1305031929.333529.png 0.602447 -0.148434 0.626022 0.472364 -1.91154 -0.676873 1.24944
549 rgb/1305031929.369189.png 0.605368 -0.14881 0.620963 0.475181 -1.88962 -0.687095 1.24449
550 rgb/1305031929.401369.png 0.608613 -0.157439 0.6188 0.471058 -1.86365 -0.705168 1.24197
551 rgb/1305031929.433239.png 0.610638 -0.160662 0.615018 0.4723 -1.83665 -0.720368 1.24005
552 rgb/1305031929.469219.png 0.608066 -0.160618 0.613803 0.477189 -1.80179 -0.734091 1.23663
553 rgb/1305031929.501198.png 0.59991 -0.157027 0.620812 0.479634 -1.78415 -0.743083 1.23535
554 rgb/1305031929.533262.png 0.595666 -0.157128 0.62552 0.478774 -1.77465 -0.75056 1.23621
555 rgb/1305031929.569172.png 0.594132 -0.156907 0.626774 0.479112 -1.76918 -0.754152 1.23729
556 rgb/1305031929.601101.png 0.593661 -0.155579 0.628163 0.478308 -1.76008 -0.763688 1.23798
557 rgb/1305031929.634447.png 0.594262 -0.148973 0.628755 0.478888 -1.74635 -0.774586 1.23758
558 rgb/1305031929.669287.png 0.596659 -0.150087 0.632191 0.47097 -1.73801 -0.782716 1.23977
559 rgb/1305031929.701269.png 0.598914 -0.1473 0.634985 0.465193 -1.73121 -0.791642 1.24667
560 rgb/1305031929.733617.png 0.610232 -0.141485 0.630595 0.458208 -1.72694 -0.799466 1.25044
561 rgb/1305031929.769190.png 0.611129 -0.1366 0.632983 0.455194 -1.73115 -0.803335 1.25309
562 rgb/1305031929.801229.png 0.612236 -0.134337 0.632968 0.4544 -1.73393 -0.803229 1.25279
563 rgb/1305031929.833358.png 0.625017 -0.122388 0.624836 0.451621 -1.75533 -0.789949 1.25027
564 rgb/1305031929.869242.png 0.625606 -0.122791 0.625796 0.449361 -1.76803 -0.781992 1.24751
565 rgb/1305031929.901292.png 0.625498 -0.123037 0.62562 0.449689 -1.7727 -0.77867 1.24554
566 rgb/1305031929.933176.png 0.639719 -0.119417 0.61479 0.445577 -1.83177 -0.737215 1.2119
567 rgb/1305031929.969176.png 0.639462 -0.118853 0.615092 0.445679 -1.85385 -0.725236 1.19546
568 rgb/1305031930.001350.png 0.646004 -0.119825 0.615036 0.435957 -1.88771 -0.712667 1.16636
569 rgb/1305031930.033650.png 0.652445 -0.118698 0.61552 0.425873 -1.91576 -0.710872 1.15697
570 rgb/1305031930.069293.png 0.662058 -0.118739 0.613189 0.414229 -1.94306 -0.705481 1.14425
571 rgb/1305031930.101133.png 0.671708 -0.120044 0.609778 0.403205 -1.99232 -0.694085 1.12892
572 rgb/1305031930.134163.png 0.674113 -0.121426 0.608669 0.400444 -2.01893 -0.684364 1.11803
573 rgb/1305031930.169117.png 0.674616 -0.122247 0.607971 0.400407 -2.04499 -0.673749 1.10929
574 rgb/1305031930.201148.png 0.676264 -0.122246 0.606126 0.400424 -2.07643 -0.658584 1.09529
575 rgb/1305031930.233355.png 0.677584 -0.121937 0.605205 0.399681 -2.09425 -0.651678 1.08926
576 rgb/1305031930.269064.png 0.677968 -0.12245 0.604292 0.400253 -2.1015 -0.647618 1.08684
577 rgb/1305031930.301105.png 0.679468 -0.125008 0.600977 0.401906 -2.11901 -0.635813 1.07686
578 rgb/1305031930.333138.png 0.67772 -0.12078 0.597409 0.411358 -2.17391 -0.590801 1.04315
579 rgb/1305031930.369794.png 0.675557 -0.11574 0.60115 0.410916 -2.19415 -0.570768 1.02806
580 rgb/1305031930.401077.png 0.674272 -0.114874 0.60398 0.409115 -2.20236 -0.553509 1.01791
581 rgb/1305031930.433290.png 0.667753 -0.115456 0.616657 0.400645 -2.22067 -0.52727 1.00111
582 rgb/1305031930.469130.png 0.669875 -0.114722 0.614682 0.400348 -2.22677 -0.517119 0.997535
583 rgb/1305031930.501044.png 0.676516 -0.11247 0.606605 0.402135 -2.23341 -0.485966 0.980922
584 rgb/1305031930.533067.png 0.685468 -0.105386 0.598015 0.40176 -2.23719 -0.464966 0.96534
585 rgb/1305031930.569007.png 0.700943 -0.109648 0.579849 0.400547 -2.24084 -0.42007 0.927571
586 rgb/1305031930.601041.png 0.701838 -0.112422 0.579782 0.3983 -2.24115 -0.408317 0.919517
587 rgb/1305031930.633126.png 0.701914 -0.112687 0.579347 0.398723 -2.24092 -0.401851 0.916462
588 rgb/1305031930.668925.png 0.717261 -0.0910057 0.567956 0.393302 -2.24599 -0.356993 0.892052
589 rgb/1305031930.701009.png 0.724585 -0.0877717 0.56073 0.390973 -2.2574 -0.337734 0.884835
590 rgb/1305031930.733195.png 0.730855 -0.0744294 0.549659 0.397733 -2.26989 -0.297051 0.862884
591 rgb/1305031930.769068.png 0.736513 -0.0666678 0.543824 0.396692 -2.27561 -0.279678 0.84916
592 rgb/1305031930.801055.png 0.745553 -0.0671444 0.535601 0.390871 -2.28762 -0.253838 0.814993
593 rgb/1305031930.833091.png 0.746877 -0.0675188 0.53421 0.39018 -2.29057 -0.248929 0.807081
594 rgb/1305031930.869070.png 0.751388 -0.0695787 0.530002 0.386883 -2.29527 -0.239245 0.791068
595 rgb/1305031930.900829.png 0.767492 -0.0873049 0.519335 0.365556 -2.31308 -0.208894 0.739329
596 rgb/1305031930.933330.png 0.773402 -0.0862639 0.511592 0.36426 -2.3237 -0.201057 0.721889
597 rgb/1305031930.969059.png 0.784577 -0.0829533 0.492839 0.366977 -2.34456 -0.165805 0.657951
598 rgb/1305031931.000795.png 0.785517 -0.0835228 0.490489 0.367984 -2.34862 -0.159266 0.650744
599 rgb/1305031931.033023.png 0.791747 -0.0851841 0.47905 0.369318 -2.36031 -0.127467 0.615733
600 rgb/1305031931.068905.png 0.791718 -0.0851116 0.478362 0.370287 -2.35984 -0.123206 0.612325
601 rgb/1305031931.100819.png 0.791503 -0.0853451 0.480118 0.368417 -2.36028 -0.110991 0.598377
602 rgb/1305031931.133042.png 0.794474 -0.0790749 0.474115 0.371185 -2.35814 -0.0928205 0.571777
603 rgb/1305031931.168900.png 0.793488 -0.0840445 0.47639 0.369284 -2.35337 -0.0784638 0.560612
604 rgb/1305031931.200696.png 0.791147 -0.089667 0.478496 0.370261 -2.35116 -0.0699387 0.553647
605 rgb/1305031931.233053.png 0.789307 -0.0880252 0.47238 0.382241 -2.31951 -0.0245408 0.518704
606 rgb/1305031931.268951.png 0.797446 -0.0903765 0.471754 0.365193 -2.31105 -0.0159723 0.506583
607 rgb/1305031931.300955.png 0.805506 -0.0832764 0.45822 0.366422 -2.30888 -0.00637227 0.489558
608 rgb/1305031931.332991.png 0.812541 -0.0777926 0.444504 0.368979 -2.29873 0.0093794 0.479464
609 rgb/1305031931.369797.png 0.816123 -0.0782514 0.435799 0.371355 -2.28992 0.0276081 0.471224
610 rgb/1305031931.401337.png 0.818383 -0.0794114 0.434577 0.367547 -2.28933 0.0311941 0.467896
611 rgb/1305031931.432892.png 0.827827 -0.0847247 0.420487 0.361552 -2.28207 0.0494727 0.454416
612 rgb/1305031931.469079.png 0.838906 -0.0852154 0.404959 0.353538 -2.28111 0.0696947 0.43536
613 rgb/1305031931.500852.png 0.845906 -0.0827698 0.392995 0.35093 -2.28489 0.0814652 0.414277
614 rgb/1305031931.532871.png 0.850077 -0.0904173 0.388935 0.343406 -2.28241 0.101252 0.384336
615 rgb/1305031931.569726.png 0.854513 -0.0903647 0.382844 0.339231 -2.28349 0.114363 0.356947
616 rgb/1305031931.601199.png 0.856534 -0.091091 0.380407 0.33667 -2.28736 0.119224 0.345541
617 rgb/1305031931.633004.png 0.863106 -0.107707 0.376612 0.318771 -2.29609 0.149002 0.302038
618 rgb/1305031931.669064.png 0.86538 -0.111629 0.3748 0.313347 -2.30192 0.157672 0.290578
619 rgb/1305031931.701060.png 0.866501 -0.112703 0.373323 0.311622 -2.30342 0.162246 0.288078
620 rgb/1305031931.732985.png 0.866748 -0.110657 0.368291 0.3176 -2.31198 0.17467 0.273928
621 rgb/1305031931.768911.png 0.866849 -0.107689 0.366467 0.320441 -2.31642 0.188676 0.259077
622 rgb/1305031931.800959.png 0.858593 -0.126237 0.367304 0.334627 -2.29424 0.182806 0.238541
623 rgb/1305031931.832926.png 0.859215 -0.126204 0.367532 0.332786 -2.2867 0.1838 0.239593
624 rgb/1305031931.868988.png 0.857526 -0.127128 0.372565 0.331192 -2.2507 0.149062 0.224398
625 rgb/1305031931.900957.png 0.85578 -0.123962 0.371681 0.337834 -2.22957 0.133367 0.218224
626 rgb/1305031931.932907.png 0.856178 -0.119605 0.371396 0.33871 -2.21047 0.113729 0.212318
627 rgb/1305031931.968902.png 0.855794 -0.114327 0.370264 0.342719 -2.19669 0.102338 0.207823
628 rgb/1305031932.000829.png 0.854868 -0.110804 0.370065 0.346381 -2.16997 0.0843695 0.199595
629 rgb/1305031932.032913.png 0.857005 -0.108937 0.365554 0.346483 -2.15493 0.0770519 0.19258
630 rgb/1305031932.068920.png 0.858643 -0.10829 0.363741 0.344532 -2.14977 0.0726046 0.18938
631 rgb/1305031932.101294.png 0.871621 -0.109013 0.357813 0.316808 -2.11252 0.0488283 0.165106
632 rgb/1305031932.132895.png 0.882181 -0.110893 0.338678 0.307835 -2.08806 0.0366227 0.135499
633 rgb/1305031932.169077.png 0.889932 -0.112707 0.330626 0.293274 -2.07553 0.0315533 0.110577
634 rgb/1305031932.200948.png 0.896326 -0.105992 0.31488 0.293632 -2.06511 0.033965 0.0928722
635 rgb/1305031932.232821.png 0.902925 -0.102422 0.308912 0.280739 -2.05859 0.0392202 0.082879
636 rgb/1305031932.268818.png 0.905511 -0.099711 0.301269 0.281689 -2.05997 0.0362436 0.0710354
637 rgb/1305031932.300945.png 0.911687 -0.0955035 0.288472 0.276574 -2.04709 0.052663 0.0715049
638 rgb/1305031932.333175.png 0.911735 -0.0924749 0.292208 0.273507 -2.04627 0.054879 0.0690968
639 rgb/1305031932.368837.png 0.905383 -0.0840738 0.31428 0.272849 -2.0349 0.0650431 0.0491583
640 rgb/1305031932.401680.png 0.90298 -0.0782867 0.314302 0.282341 -2.0281 0.075477 0.0398644
641 rgb/1305031932.432994.png 0.903847 -0.0774096 0.316758 0.277013 -2.02352 0.0798077 0.0361565
642 rgb/1305031932.469022.png 0.912023 -0.07364 0.30586 0.263145 -2.00576 0.0945341 0.00747311
643 rgb/1305031932.500893.png 0.915002 -0.075064 0.30441 0.253922 -2.00038 0.10137 -0.0110485
644 rgb/1305031932.532959.png 0.928412 -0.0833556 0.271383 0.239706 -1.98563 0.126585 -0.0485855
645 rgb/1305031932.568972.png 0.930857 -0.0971515 0.263203 0.234083 -1.96806 0.151488 -0.0869408
646 rgb/1305031932.600957.png 0.936987 -0.0987395 0.245645 0.227968 -1.96249 0.164227 -0.108984
647 rgb/1305031932.632929.png 0.940683 -0.0983428 0.235473 0.22361 -1.95837 0.176414 -0.119618
648 rgb/1305031932.669236.png 0.944408 -0.0901647 0.228123 0.218923 -1.95477 0.195451 -0.13585
649 rgb/1305031932.700806.png 0.952967 -0.0918649 0.204929 0.203527 -1.94762 0.236171 -0.171058
650 rgb/1305031932.732848.png 0.950817 -0.0933653 0.214817 0.202701 -1.94138 0.265309 -0.187741
651 rgb/1305031932.768757.png 0.950865 -0.0931676 0.216208 0.201081 -1.94126 0.270591 -0.191358
652 rgb/1305031932.800821.png 0.945887 -0.098479 0.222125 0.215093 -1.91366 0.325785 -0.219646
653 rgb/1305031932.832891.png 0.944451 -0.110741 0.226797 0.210512 -1.89985 0.338229 -0.226435
654 rgb/1305031932.869016.png 0.943089 -0.112876 0.236302 0.204957 -1.87058 0.363869 -0.217804
655 rgb/1305031932.901214.png 0.950041 -0.0986697 0.217791 0.200642 -1.83489 0.38088 -0.233135
656 rgb/1305031932.932932.png 0.951919 -0.0956052 0.213705 0.197594 -1.82501 0.385384 -0.241553
657 rgb/1305031932.968787.png 0.95265 -0.0919435 0.2113 0.198395 -1.8188 0.390446 -0.242764
658 rgb/1305031933.001958.png 0.952429 -0.0868677 0.206675 0.20645 -1.78657 0.424502 -0.270614
659 rgb/1305031933.033045.png 0.951176 -0.0855968 0.202862 0.216306 -1.77725 0.434418 -0.2804
660 rgb/1305031933.068879.png 0.952075 -0.0854163 0.193277 0.221144 -1.76781 0.445549 -0.28911
661 rgb/1305031933.100908.png 0.953708 -0.0939165 0.184096 0.218482 -1.75006 0.467414 -0.307408
662 rgb/1305031933.132911.png 0.959013 -0.111617 0.163975 0.202364 -1.72824 0.501162 -0.344519
663 rgb/1305031933.169450.png 0.958691 -0.112595 0.164265 0.203115 -1.72537 0.504949 -0.35228
664 rgb/1305031933.200949.png 0.959176 -0.120907 0.161374 0.198307 -1.7199 0.52944 -0.403839
665 rgb/1305031933.233374.png 0.958685 -0.122857 0.162362 0.198674 -1.71962 0.533395 -0.408867
666 rgb/1305031933.269079.png 0.95546 -0.132462 0.167483 0.203726 -1.71916 0.567935 -0.456149
667 rgb/1305031933.300869.png 0.954505 -0.134116 0.173107 0.202413 -1.71613 0.581362 -0.477539
668 rgb/1305031933.332881.png 0.953806 -0.133097 0.175696 0.204145 -1.71155 0.587853 -0.487054
669 rgb/1305031933.368978.png 0.953014 -0.132734 0.179986 0.204341 -1.71188 0.591247 -0.494003
670 rgb/1305031933.400926.png 0.952206 -0.132806 0.181971 0.206292 -1.70834 0.593737 -0.496378
671 rgb/1305031933.432912.png 0.951133 -0.132521 0.182726 0.21071 -1.66596 0.582768 -0.501669
672 rgb/1305031933.469486.png 0.9527 -0.133784 0.183299 0.202162 -1.63648 0.571169 -0.490612
673 rgb/1305031933.500809.png 0.952899 -0.131963 0.183914 0.201865 -1.63406 0.569344 -0.48787
674 rgb/1305031933.533065.png 0.955823 -0.125812 0.174416 0.20039 -1.55856 0.5365 -0.467102
675 rgb/1305031933.568861.png 0.956254 -0.124934 0.176648 0.196901 -1.55434 0.535833 -0.463502
676 rgb/1305031933.600899.png 0.95686 -0.121885 0.177652 0.194952 -1.5136 0.516076 -0.445885
677 rgb/1305031933.632949.png 0.960235 -0.118692 0.157061 0.197984 -1.45533 0.494952 -0.430317
678 rgb/1305031933.669114.png 0.962526 -0.124908 0.149375 0.188767 -1.41097 0.487053 -0.41575
679 rgb/1305031933.700931.png 0.966519 -0.128038 0.129818 0.180553 -1.36158 0.479907 -0.404539
680 rgb/1305031933.732901.png 0.969291 -0.132791 0.127506 0.163055 -1.33552 0.470517 -0.401049
681 rgb/1305031933.768934.png 0.971268 -0.141469 0.119405 0.149572 -1.30257 0.46037 -0.407657
682 rgb/1305031933.800879.png 0.971794 -0.143842 0.112377 0.149334 -1.29171 0.457112 -0.410733
683 rgb/1305031933.833132.png 0.970643 -0.149901 0.115081 0.1488 -1.21135 0.436387 -0.406235
684 rgb/1305031933.868855.png 0.970021 -0.155215 0.115472 0.147097 -1.18437 0.431715 -0.401612
685 rgb/1305031933.900942.png 0.969759 -0.154037 0.118769 0.14744 -1.17219 0.430022 -0.39593
686 rgb/1305031933.932925.png 0.970694 -0.149452 0.118247 0.146418 -1.14931 0.418015 -0.388773
687 rgb/1305031933.968843.png 0.970865 -0.14812 0.11838 0.146534 -1.14537 0.414427 -0.386338
688 rgb/1305031934.000841.png 0.972649 -0.133257 0.126294 0.142302 -1.1116 0.390212 -0.362507
689 rgb/1305031934.033000.png 0.972502 -0.135174 0.125359 0.142329 -1.0846 0.361387 -0.328131
690 rgb/1305031934.068946.png 0.972357 -0.133786 0.127497 0.142727 -1.08014 0.355076 -0.322811
691 rgb/1305031934.100917.png 0.972878 -0.122118 0.139104 0.138745 -1.05437 0.312467 -0.28518
692 rgb/1305031934.132845.png 0.973976 -0.116912 0.133225 0.141273 -1.04118 0.283123 -0.257133
693 rgb/1305031934.169177.png 0.974061 -0.114678 0.132258 0.143406 -1.03875 0.277752 -0.253703
694 rgb/1305031934.200808.png 0.97511 -0.108862 0.13191 0.141112 -1.02962 0.256999 -0.238446
695 rgb/1305031934.232870.png 0.97544 -0.107807 0.131656 0.139877 -1.02836 0.251375 -0.234774
696 rgb/1305031934.269296.png 0.97679 -0.105096 0.119222 0.143616 -1.01286 0.217983 -0.216417
697 rgb/1305031934.300934.png 0.978393 -0.0945361 0.120264 0.139107 -1.0106 0.196261 -0.208319
698 rgb/1305031934.336871.png 0.979233 -0.0900939 0.123055 0.133593 -1.00796 0.184088 -0.205978
699 rgb/1305031934.368906.png 0.982268 -0.0867983 0.119075 0.115931 -1.00495 0.207992 -0.21682
700 rgb/1305031934.400928.png 0.98218 -0.0877209 0.119485 0.115563 -1.00393 0.211897 -0.219414
701 rgb/1305031934.436865.png 0.981851 -0.0885742 0.120256 0.116903 -1.00215 0.215505 -0.221144
702 rgb/1305031934.469287.png 0.982518 -0.0884451 0.112649 0.118953 -0.965769 0.255686 -0.26204
703 rgb/1305031934.501241.png 0.983076 -0.0897551 0.113055 0.112815 -0.944176 0.273595 -0.285612
704 rgb/1305031934.536876.png 0.983135 -0.0904793 0.111769 0.11301 -0.939684 0.278364 -0.291574
705 rgb/1305031934.569101.png 0.983479 -0.092567 0.109113 0.110897 -0.926818 0.285069 -0.302816
706 rgb/1305031934.600850.png 0.984639 -0.0900692 0.106846 0.104701 -0.897879 0.298131 -0.329812
707 rgb/1305031934.637030.png 0.984979 -0.0898692 0.105349 0.103177 -0.891786 0.300839 -0.336379
708 rgb/1305031934.668984.png 0.987054 -0.0891186 0.0991917 0.0891457 -0.862784 0.316247 -0.368124
709 rgb/1305031934.700945.png 0.988537 -0.0889455 0.0978437 0.0728927 -0.842614 0.333178 -0.39136
710 rgb/1305031934.736903.png 0.989109 -0.0920414 0.0919394 0.068875 -0.82339 0.352732 -0.411715
711 rgb/1305031934.769124.png 0.989129 -0.0957972 0.0845466 0.0728215 -0.806834 0.364252 -0.42315
712 rgb/1305031934.801627.png 0.989139 -0.0995024 0.0771299 0.0758771 -0.782438 0.383062 -0.442524
713 rgb/1305031934.836769.png 0.98827 -0.107141 0.0774481 0.076476 -0.754096 0.404316 -0.461531
714 rgb/1305031934.869115.png 0.988007 -0.108887 0.0767289 0.0781245 -0.747817 0.410253 -0.466083
715 rgb/1305031934.901010.png 0.98712 -0.114455 0.0750614 0.0828528 -0.722136 0.428411 -0.479694
716 rgb/1305031934.937234.png 0.986537 -0.115502 0.0737515 0.0892661 -0.681992 0.448522 -0.491589
717 rgb/1305031934.969077.png 0.985804 -0.117624 0.0754684 0.0930823 -0.66896 0.45616 -0.49445
718 rgb/1305031935.001270.png 0.984545 -0.125811 0.0836469 0.0886062 -0.625681 0.469608 -0.493661
719 rgb/1305031935.036852.png 0.983803 -0.128826 0.0850019 0.0911847 -0.600828 0.474246 -0.493904
720 rgb/1305031935.069722.png 0.983664 -0.130867 0.0840304 0.0906787 -0.581974 0.476423 -0.489877
721 rgb/1305031935.100912.png 0.985818 -0.119103 0.0722811 0.0935814 -0.529258 0.487011 -0.487995
722 rgb/1305031935.136853.png 0.985599 -0.120444 0.0690125 0.0965857 -0.499017 0.495866 -0.488345
723 rgb/1305031935.169281.png 0.985976 -0.121421 0.065141 0.0941737 -0.476294 0.503348 -0.488737
724 rgb/1305031935.200951.png 0.98638 -0.121009 0.0643005 0.0909969 -0.469167 0.505807 -0.488622
725 rgb/1305031935.237095.png 0.988162 -0.120081 0.0505623 0.0810192 -0.430357 0.521626 -0.495452
726 rgb/1305031935.268965.png 0.988653 -0.12298 0.0343093 0.0791773 -0.403848 0.530436 -0.502405
727 rgb/1305031935.300805.png 0.988711 -0.12423 0.0298488 0.0783055 -0.394325 0.532719 -0.506102
728 rgb/1305031935.336810.png 0.988793 -0.125969 0.0258438 0.0758667 -0.385018 0.535517 -0.509294
729 rgb/1305031935.368827.png 0.989205 -0.12924 0.0182883 0.0666325 -0.366379 0.540577 -0.514437
730 rgb/1305031935.400848.png 0.987831 -0.148081 -0.0174387 0.0443034 -0.284919 0.570242 -0.543447
731 rgb/1305031935.436887.png 0.987061 -0.152487 -0.0263568 0.0420482 -0.260708 0.582317 -0.550619
732 rgb/1305031935.468890.png 0.986834 -0.153811 -0.0271719 0.0420315 -0.253943 0.585987 -0.553779
733 rgb/1305031935.500863.png 0.985531 -0.158422 -0.0434617 0.0417996 -0.195269 0.61441 -0.575249
734 rgb/1305031935.536900.png 0.985334 -0.159313 -0.0452628 0.0411297 -0.1889 0.613548 -0.576743
735 rgb/1305031935.568783.png 0.985466 -0.158254 -0.0465456 0.0406306 -0.180466 0.620254 -0.583045
736 rgb/1305031935.600963.png 0.985409 -0.158176 -0.0480237 0.040587 -0.172664 0.626029 -0.587112
737 rgb/1305031935.636916.png 0.985701 -0.155988 -0.0482192 0.0417263 -0.158699 0.630412 -0.588704
738 rgb/1305031935.669100.png 0.985875 -0.15307 -0.0511041 0.0448663 -0.143454 0.633016 -0.593197
739 rgb/1305031935.700948.png 0.985692 -0.156278 -0.0497309 0.0389782 -0.104081 0.637997 -0.58543
740 rgb/1305031935.736900.png 0.985471 -0.15678 -0.0504228 0.041575 -0.0725792 0.637393 -0.574621
741 rgb/1305031935.768974.png 0.985342 -0.157573 -0.0571839 0.0317233 -0.0309119 0.629406 -0.559647
742 rgb/1305031935.801178.png 0.985692 -0.155611 -0.0586831 0.0275103 -0.0134394 0.623104 -0.555103
743 rgb/1305031935.836877.png 0.985533 -0.156225 -0.0600965 0.0266789 -0.00490298 0.620164 -0.553884
744 rgb/1305031935.869025.png 0.985718 -0.155713 -0.0610998 0.0195942 0.0196032 0.614532 -0.541523
745 rgb/1305031935.901144.png 0.986658 -0.150063 -0.0614309 0.0147835 0.0360267 0.610793 -0.53679
746 rgb/1305031935.936825.png 0.9873 -0.143889 -0.0651562 0.0171442 0.0594222 0.603019 -0.530251
747 rgb/1305031935.969109.png 0.988553 -0.132362 -0.068874 0.0224595 0.10551 0.588332 -0.518905
748 rgb/1305031936.000820.png 0.988732 -0.129042 -0.073326 0.0196098 0.125883 0.582615 -0.509315
749 rgb/1305031936.036965.png 0.988048 -0.126491 -0.0877241 0.00834296 0.152368 0.572825 -0.501136
750 rgb/1305031936.068809.png 0.98785 -0.124474 -0.0930669 0.00151546 0.173272 0.565008 -0.489717
751 rgb/1305031936.100718.png 0.987624 -0.123136 -0.0971603 -0.000738297 0.180428 0.562649 -0.489703
752 rgb/1305031936.137490.png 0.986883 -0.121276 -0.106161 -0.00934692 0.194696 0.55572 -0.485116
753 rgb/1305031936.168897.png 0.986238 -0.120653 -0.111964 -0.0156744 0.209812 0.54793 -0.482485
754 rgb/1305031936.200867.png 0.984481 -0.126383 -0.119099 -0.0253962 0.23435 0.536488 -0.479788
755 rgb/1305031936.237546.png 0.980911 -0.134661 -0.134473 -0.0400102 0.27248 0.514154 -0.46643
756 rgb/1305031936.268981.png 0.980352 -0.134503 -0.137963 -0.0422945 0.281265 0.508961 -0.464788
757 rgb/1305031936.300816.png 0.979272 -0.129375 -0.146748 -0.0525247 0.305189 0.495138 -0.459854
758 rgb/1305031936.336863.png 0.976264 -0.12635 -0.164877 -0.0613499 0.339267 0.47274 -0.452296
759 rgb/1305031936.368927.png 0.97598 -0.124761 -0.166468 -0.0647372 0.34565 0.46747 -0.452826
760 rgb/1305031936.400840.png 0.975381 -0.119332 -0.16717 -0.0803111 0.359922 0.447806 -0.447232
761 rgb/1305031936.436777.png 0.963207 -0.14024 -0.211519 -0.0884786 0.374612 0.403254 -0.419444
762 rgb/1305031936.468789.png 0.961896 -0.143129 -0.214806 -0.0901812 0.376901 0.395256 -0.413265
763 rgb/1305031936.500753.png 0.962169 -0.14791 -0.206121 -0.0993548 0.386045 0.366977 -0.387928
764 rgb/1305031936.536847.png 0.961872 -0.150174 -0.205736 -0.099636 0.385716 0.360355 -0.380134
765 rgb/1305031936.569452.png 0.961005 -0.147619 -0.205599 -0.111405 0.387619 0.325075 -0.355011
766 rgb/1305031936.600821.png 0.963299 -0.137966 -0.19968 -0.114687 0.387294 0.300432 -0.337808
767 rgb/1305031936.636879.png 0.963877 -0.136172 -0.200127 -0.111139 0.388566 0.294368 -0.334344
768 rgb/1305031936.668885.png 0.962393 -0.133634 -0.217992 -0.0917884 0.396231 0.257251 -0.30695
769 rgb/1305031936.700881.png 0.961426 -0.129815 -0.222556 -0.096339 0.405688 0.233713 -0.288723
770 rgb/1305031936.737504.png 0.960101 -0.123076 -0.22848 -0.104213 0.412436 0.212743 -0.265804
771 rgb/1305031936.768825.png 0.957427 -0.114081 -0.237614 -0.117745 0.422406 0.187743 -0.230424
772 rgb/1305031936.800856.png 0.955187 -0.105544 -0.24788 -0.122631 0.439048 0.176722 -0.211649
773 rgb/1305031936.836845.png 0.951259 -0.103147 -0.257383 -0.135004 0.458343 0.155302 -0.184779
774 rgb/1305031936.868891.png 0.950532 -0.0870346 -0.254381 -0.155595 0.494394 0.14319 -0.154018
775 rgb/1305031936.900833.png 0.949984 -0.0896131 -0.256043 -0.154744 0.505363 0.140157 -0.140608
776 rgb/1305031936.936914.png 0.947768 -0.0877053 -0.265154 -0.154084 0.522039 0.133245 -0.129656
777 rgb/1305031936.968821.png 0.947074 -0.0850515 -0.267073 -0.156504 0.528827 0.129418 -0.127073
778 rgb/1305031937.001118.png 0.947162 -0.0823491 -0.267185 -0.157228 0.535401 0.130127 -0.125418
779 rgb/1305031937.036874.png 0.948286 -0.0799536 -0.266846 -0.152183 0.539739 0.135956 -0.122409
780 rgb/1305031937.068765.png 0.946812 -0.0822576 -0.271785 -0.151387 0.543738 0.135969 -0.119204
781 rgb/1305031937.100716.png 0.947284 -0.0901011 -0.268236 -0.150297 0.547032 0.149167 -0.11722
782 rgb/1305031937.136838.png 0.947017 -0.0937685 -0.268963 -0.148428 0.54273 0.151886 -0.117474
783 rgb/1305031937.168856.png 0.945251 -0.0961917 -0.275156 -0.146773 0.529691 0.156087 -0.123359
784 rgb/1305031937.200813.png 0.945056 -0.0943777 -0.277309 -0.145144 0.512962 0.164873 -0.131348
785 rgb/1305031937.236893.png 0.944147 -0.0949882 -0.280165 -0.145178 0.510182 0.165876 -0.132424
786 rgb/1305031937.268821.png 0.942239 -0.0975171 -0.284012 -0.148382 0.50272 0.165787 -0.133306
787 rgb/1305031937.300783.png 0.942253 -0.0981832 -0.284014 -0.147852 0.499076 0.166111 -0.134181
788 rgb/1305031937.336862.png 0.94011 -0.101015 -0.289349 -0.149234 0.488025 0.168366 -0.137008
789 rgb/1305031937.368734.png 0.939656 -0.100279 -0.290554 -0.150246 0.481252 0.170034 -0.141747
790 rgb/1305031937.400796.png 0.939241 -0.0991283 -0.290023 -0.154567 0.479956 0.169809 -0.142999
791 rgb/1305031937.438211.png 0.93906 -0.0989398 -0.290828 -0.154277 0.473641 0.172819 -0.14671
792 rgb/1305031937.468824.png 0.938253 -0.101347 -0.293021 -0.153473 0.474022 0.169598 -0.144768
793 rgb/1305031937.500797.png 0.93803 -0.100554 -0.294377 -0.152761 0.474132 0.168688 -0.145465
794 rgb/1305031937.536931.png 0.938303 -0.10171 -0.292643 -0.153646 0.472882 0.169127 -0.145197
795 rgb/1305031937.568829.png 0.937877 -0.102627 -0.292854 -0.155231 0.471024 0.17089 -0.145773
796 rgb/1305031937.600746.png 0.937409 -0.105118 -0.292513 -0.157023 0.470751 0.171637 -0.144369
797 rgb/1305031937.636891.png 0.936734 -0.106361 -0.294042 -0.157356 0.469154 0.171383 -0.143879
798 rgb/1305031937.668803.png 0.936915 -0.105921 -0.293931 -0.15678 0.470358 0.169922 -0.144221
799 rgb/1305031937.700837.png 0.937075 -0.105757 -0.293637 -0.156489 0.471139 0.170128 -0.145009
800 rgb/1305031937.736899.png 0.937118 -0.105755 -0.293136 -0.157169 0.471469 0.169223 -0.145019
801 rgb/1305031937.768919.png 0.937932 -0.105129 -0.291563 -0.155655 0.472544 0.169722 -0.14631
802 rgb/1305031937.800834.png 0.937762 -0.105964 -0.291795 -0.155673 0.470558 0.169171 -0.145775
803 rgb/1305031937.836877.png 0.937695 -0.106069 -0.292243 -0.155166 0.471559 0.167436 -0.14582
804 rgb/1305031937.868807.png 0.937967 -0.106471 -0.291538 -0.15457 0.470852 0.166542 -0.146213
805 rgb/1305031937.900823.png 0.938061 -0.10642 -0.291456 -0.154192 0.471266 0.165175 -0.14628
806 rgb/1305031937.936960.png 0.93849 -0.106131 -0.291139 -0.152368 0.471987 0.164457 -0.146874
807 rgb/1305031937.968830.png 0.938587 -0.105597 -0.291052 -0.152309 0.472724 0.163704 -0.147205
808 rgb/1305031938.000822.png 0.938658 -0.105864 -0.290862 -0.152048 0.472382 0.164498 -0.147633
809 rgb/1305031938.036945.png 0.938581 -0.106362 -0.290954 -0.152 0.472265 0.164239 -0.147738
810 rgb/1305031938.068761.png 0.938517 -0.106195 -0.291195 -0.15205 0.472105 0.16403 -0.14816
811 rgb/1305031938.100744.png 0.93835 -0.106649 -0.291793 -0.151616 0.472961 0.164584 -0.148494
812 rgb/1305031938.136885.png 0.938356 -0.107043 -0.291736 -0.151409 0.472876 0.164048 -0.148256
813 rgb/1305031938.168914.png 0.938389 -0.10685 -0.291542 -0.151715 0.473069 0.163856 -0.148246
814 rgb/1305031938.200883.png 0.938364 -0.106486 -0.291573 -0.152068 0.472993 0.164515 -0.148905
