1311868164.363181 0.000000 0.000000 0.000000 0.000000 0.000000 0.000000 1.000000
1311868164.399026 -0.000541 0.001949 -0.002685 -0.001684 -0.001198 -0.001344 0.999997
1311868164.430940 0.000578 0.003480 -0.005764 -0.003747 -0.003834 -0.002817 0.999982
1311868164.463055 0.007529 0.004953 -0.009914 -0.007858 -0.003330 -0.007845 0.999933
1311868164.499130 0.019766 0.006738 -0.025155 -0.003194 0.002531 -0.015031 0.999879
1311868164.531025 0.061100 0.000455 -0.041855 0.007709 -0.005022 -0.014287 0.999856
1311868164.563004 0.069774 -0.000034 -0.044018 0.011255 -0.004093 -0.014986 0.999816
1311868164.599061 0.152696 0.001515 -0.066703 0.015275 -0.027026 -0.026978 0.999154
1311868164.631140 0.186259 0.011327 -0.076306 0.015871 -0.034306 -0.032719 0.998749
1311868164.663105 0.232422 0.020596 -0.082088 0.008895 -0.050600 -0.036440 0.998014
1311868164.698987 0.285537 0.032676 -0.085879 -0.009471 -0.058807 -0.030401 0.997761
1311868164.731046 0.291667 0.035043 -0.088957 -0.007660 -0.058155 -0.032520 0.997748
1311868164.763098 0.297902 0.038025 -0.090310 -0.005987 -0.056328 -0.033646 0.997827
1311868164.799138 0.315921 0.052414 -0.125733 -0.010783 -0.036890 -0.034742 0.998657
1311868164.831006 0.314652 0.067110 -0.149788 -0.011286 -0.022503 -0.029146 0.999258
1311868164.863058 0.308679 0.092751 -0.180149 -0.026378 -0.012911 -0.026792 0.999209
1311868164.899132 0.311855 0.124672 -0.201731 -0.046840 -0.003389 -0.019350 0.998709
1311868164.930933 0.319708 0.135597 -0.212049 -0.053695 0.001086 -0.023052 0.998291
1311868164.963119 0.355404 0.149782 -0.235405 -0.048191 0.003779 -0.019829 0.998634
1311868164.999037 0.422588 0.149651 -0.250830 -0.038041 -0.014433 -0.031837 0.998664
1311868165.031122 0.654292 0.121514 -0.235353 -0.038727 -0.082333 -0.056328 0.994258
1311868165.063108 0.667456 0.107891 -0.212979 -0.036237 -0.083078 -0.054023 0.994418
1311868165.099162 0.669526 0.097793 -0.193413 -0.039064 -0.084990 -0.059583 0.993831
1311868165.131014 0.666671 0.082754 -0.171648 -0.041125 -0.089046 -0.062009 0.993244
1311868165.163146 0.664050 0.070517 -0.160353 -0.034834 -0.090308 -0.066190 0.993101
1311868165.199145 0.646157 0.055487 -0.131994 -0.020342 -0.094709 -0.064182 0.993226
1311868165.231193 0.648922 0.046929 -0.111564 -0.020944 -0.098152 -0.062096 0.993011
1311868165.263005 0.670304 -0.006201 -0.054572 -0.003270 -0.137200 -0.080501 0.987261
1311868165.299103 0.684131 -0.031147 -0.030416 0.004119 -0.162804 -0.092765 0.982279
1311868165.331226 0.697436 -0.055459 -0.011014 0.014118 -0.182578 -0.107145 0.977234
1311868165.363060 0.706952 -0.072895 0.000305 0.019225 -0.197506 -0.114164 0.973441
1311868165.399160 0.729311 -0.107135 0.022718 0.032412 -0.214472 -0.130961 0.967368
1311868165.430962 0.757449 -0.134296 0.042357 0.041210 -0.238673 -0.140299 0.960028
1311868165.463114 0.799526 -0.163892 0.062465 0.046000 -0.245820 -0.126514 0.959922
1311868165.499179 0.833972 -0.177874 0.056306 0.049479 -0.254389 -0.115474 0.958908
1311868165.531124 0.859622 -0.172790 0.042773 0.047601 -0.255063 -0.113768 0.959028
1311868165.563054 0.882046 -0.156273 0.022450 0.045454 -0.256393 -0.125344 0.957332
1311868165.599188 0.889550 -0.153399 0.018703 0.044585 -0.257381 -0.127226 0.956860
1311868165.631159 0.955833 -0.136739 -0.013258 0.028908 -0.262244 -0.124828 0.956457
1311868165.663251 0.987558 -0.137062 -0.021431 0.033599 -0.260528 -0.127269 0.956451
1311868165.699187 1.022810 -0.133326 -0.024237 0.028490 -0.273101 -0.130048 0.952728
1311868165.731234 1.056290 -0.128076 -0.019963 0.028689 -0.282127 -0.137995 0.948967
1311868165.763100 1.080860 -0.128953 -0.014308 0.028618 -0.290224 -0.148056 0.945003
1311868165.799107 1.128070 -0.129385 -0.003688 0.026791 -0.301834 -0.159494 0.939543
1311868165.831186 1.174130 -0.126271 0.012747 0.022327 -0.311364 -0.170150 0.934667
1311868165.863220 1.215620 -0.121564 0.035497 0.010703 -0.314974 -0.179460 0.931918
1311868165.899162 1.253740 -0.118254 0.056929 0.000938 -0.318501 -0.183795 0.929933
1311868165.931154 1.204160 -0.212150 0.020148 -0.049153 -0.293144 -0.206962 0.932104
1311868165.963154 1.326300 -0.250633 0.048319 -0.043794 -0.311696 -0.223348 0.922520
1311868165.999133 1.326940 -0.263467 0.084303 -0.046308 -0.309107 -0.229200 0.921833
1311868166.031204 1.326570 -0.266818 0.091844 -0.046883 -0.307746 -0.229569 0.922167
1311868166.063111 1.323740 -0.296282 0.131404 -0.041492 -0.306590 -0.237686 0.920753
1311868166.099206 1.326840 -0.298950 0.135702 -0.041447 -0.307480 -0.234589 0.921253
1311868166.131254 1.344500 -0.333993 0.187438 -0.043134 -0.319160 -0.229379 0.918510
1311868166.163189 1.348030 -0.343997 0.205832 -0.042672 -0.326413 -0.230389 0.915726
1311868166.199211 1.401190 -0.417893 0.269814 -0.015912 -0.384608 -0.266134 0.883740
1311868166.231050 1.423880 -0.441942 0.294979 -0.008098 -0.394375 -0.272530 0.877571
1311868166.263177 1.449040 -0.461550 0.321836 -0.005701 -0.406621 -0.278855 0.869981
1311868166.299209 1.456120 -0.464619 0.330894 -0.005118 -0.413033 -0.279422 0.866777
1311868166.331189 1.467700 -0.487628 0.358192 -0.006381 -0.427815 -0.273006 0.861628
1311868166.363122 1.465790 -0.493466 0.362366 -0.005138 -0.429579 -0.272406 0.860948
1311868166.399232 1.462890 -0.529871 0.382692 0.011519 -0.436386 -0.264814 0.859830
1311868166.431171 1.449860 -0.545375 0.389426 0.021204 -0.435054 -0.261294 0.861397
1311868166.463018 1.424930 -0.577123 0.395224 0.035843 -0.436470 -0.261623 0.860095
1311868166.499195 1.419130 -0.591199 0.397178 0.044991 -0.438195 -0.261691 0.858766
1311868166.531252 1.406770 -0.599985 0.404578 0.074271 -0.442202 -0.247768 0.858809
1311868166.563132 1.400840 -0.608473 0.414118 0.073322 -0.451785 -0.236792 0.856997
1311868166.599207 1.390630 -0.631467 0.434709 0.077444 -0.461057 -0.224220 0.855076
1311868166.631287 1.388740 -0.635457 0.440998 0.082440 -0.462430 -0.219953 0.854976
1311868166.663284 1.378900 -0.650093 0.451360 0.085282 -0.469448 -0.211556 0.852989
1311868166.699270 1.378450 -0.771445 0.450601 0.078129 -0.477591 -0.231391 0.843956
1311868166.731105 1.402620 -0.849379 0.515954 0.086672 -0.520087 -0.252288 0.811387
1311868166.763333 1.412660 -0.863180 0.534130 0.088205 -0.528137 -0.260976 0.803233
1311868166.799225 1.429290 -0.880710 0.564311 0.083030 -0.537161 -0.268900 0.795146
1311868166.831229 1.434110 -0.887873 0.575441 0.080635 -0.539441 -0.271955 0.792806
1311868166.863222 1.458520 -0.906856 0.631947 0.065467 -0.543927 -0.284664 0.786654
1311868166.899308 1.480580 -0.942239 0.723343 0.042172 -0.550632 -0.292845 0.780556
1311868166.931160 1.477130 -0.948081 0.733139 0.041899 -0.547972 -0.294631 0.781770
1311868166.963312 1.473290 -0.903012 0.766301 0.050072 -0.545336 -0.286378 0.786187
1311868166.999289 1.459280 -0.914744 0.784436 0.055942 -0.539559 -0.292378 0.787568
1311868167.031127 1.454870 -0.916222 0.789772 0.055944 -0.538551 -0.292957 0.788042
1311868167.063209 1.425490 -0.943347 0.863246 0.041369 -0.538086 -0.299871 0.786657
1311868167.099303 1.420300 -0.949685 0.878328 0.040629 -0.536373 -0.307250 0.785017
1311868167.163230 1.418050 -0.951953 0.895766 0.036075 -0.537498 -0.310554 0.783168
1311868167.199258 1.429680 -0.966400 0.940596 0.031341 -0.560282 -0.323486 0.761879
1311868167.231267 1.433710 -0.969333 0.948239 0.031266 -0.564334 -0.326396 0.757639
1311868167.263251 1.451360 -0.929399 1.013350 0.045255 -0.583457 -0.339171 0.736541
1311868167.299141 1.467230 -0.929067 1.029280 0.045744 -0.587700 -0.344052 0.730852
1311868167.331145 1.484710 -0.936357 1.051670 0.029121 -0.601232 -0.346611 0.719398
1311868167.363275 1.507280 -0.940531 1.063310 0.022757 -0.608703 -0.344637 0.714275
1311868167.399226 1.604910 -0.938078 1.061770 0.013860 -0.614208 -0.343734 0.710214
1311868167.431237 1.660400 -0.930236 1.052920 0.006296 -0.612649 -0.344376 0.711357
1311868167.463303 1.757710 -0.926653 1.063140 -0.008937 -0.600103 -0.352752 0.717888
1311868167.499121 1.784220 -0.922878 1.064720 -0.010791 -0.591702 -0.353886 0.724249
1311868167.531321 1.813910 -0.927520 1.079730 -0.015469 -0.585716 -0.357542 0.727229
1311868167.563160 1.821030 -0.928188 1.081870 -0.015516 -0.583922 -0.358226 0.728333
1311868167.599230 1.828830 -0.928768 1.085000 -0.016150 -0.583052 -0.358202 0.729028
1311868167.631495 1.896230 -0.958004 1.136580 -0.019849 -0.598966 -0.371154 0.709289
1311868167.663360 1.903130 -0.962231 1.143220 -0.022063 -0.599845 -0.371803 0.708140
1311868167.699226 1.939150 -0.978471 1.185030 -0.033487 -0.609396 -0.375939 0.697271
1311868167.731241 1.963270 -0.984990 1.217580 -0.043606 -0.617537 -0.381498 0.686445
1311868167.763281 1.968730 -0.988819 1.228930 -0.046493 -0.619363 -0.384541 0.682903
1311868167.799224 1.994870 -1.015060 1.278710 -0.046210 -0.616521 -0.379796 0.688130
1311868167.863098 1.996470 -1.024440 1.293870 -0.043429 -0.613393 -0.375901 0.693226
1311868167.899376 1.993450 -1.028050 1.302440 -0.042507 -0.610913 -0.375661 0.695599
1311868167.931184 1.983060 -1.033310 1.313510 -0.042903 -0.607810 -0.379625 0.696140
1311868167.999325 1.964180 -1.037240 1.322680 -0.043577 -0.603890 -0.381155 0.698670
1311868168.031266 1.829050 -1.062950 1.349740 -0.037729 -0.597095 -0.380773 0.705029
1311868168.063183 1.818100 -1.064650 1.350040 -0.036061 -0.597803 -0.380033 0.704917
1311868168.099296 1.774940 -1.075690 1.356630 -0.036473 -0.599001 -0.375100 0.706518
1311868168.131162 1.741290 -1.078000 1.368810 -0.034555 -0.598418 -0.372056 0.708715
1311868168.163282 1.712470 -1.080910 1.378930 -0.037354 -0.596066 -0.370064 0.711592
1311868168.199247 1.652400 -1.107060 1.392760 -0.027464 -0.605364 -0.362321 0.708170
1311868168.263256 1.621570 -1.129580 1.402270 -0.018080 -0.617343 -0.357266 0.700658
1311868168.299606 1.612130 -1.134320 1.405740 -0.014412 -0.621878 -0.355404 0.697674
1311868168.331222 1.556660 -1.158510 1.437000 -0.004577 -0.646629 -0.357845 0.673645
1311868168.363180 1.440120 -1.239430 1.487130 0.021722 -0.682176 -0.377681 0.625717
1311868168.399360 1.415370 -1.253110 1.495090 0.026338 -0.686886 -0.385039 0.615825
1311868168.431214 1.312830 -1.297560 1.510370 0.000168 -0.723572 -0.392172 0.568019
1311868168.463333 1.302050 -1.301410 1.516490 -0.004909 -0.726467 -0.390654 0.565342
1311868168.499268 1.265060 -1.314060 1.525640 -0.011833 -0.726830 -0.387899 0.566669
1311868168.563319 1.202460 -1.331930 1.522770 -0.014362 -0.724018 -0.396728 0.564093
1311868168.599366 1.186520 -1.339500 1.521510 -0.011907 -0.723550 -0.397913 0.563915
1311868168.663320 1.123790 -1.362160 1.514750 0.002558 -0.724438 -0.381828 0.573927
1311868168.699557 1.082530 -1.368800 1.525640 0.007307 -0.722856 -0.377865 0.578485
1311868168.763305 1.040320 -1.382010 1.533920 0.005747 -0.728319 -0.377718 0.571707
1311868168.799362 1.007770 -1.387980 1.546940 0.007214 -0.738236 -0.370512 0.563630
1311868168.831176 0.963659 -1.404310 1.562680 0.008279 -0.755243 -0.371807 0.539722
1311868168.899300 0.920471 -1.433250 1.575250 0.019616 -0.769157 -0.369618 0.520958
1311868168.931215 0.881851 -1.456540 1.589920 0.026689 -0.778685 -0.372130 0.504440
1311868168.963348 0.858449 -1.464570 1.597440 -0.035006 0.783101 0.376415 -0.493802
1311868168.999373 0.809114 -1.484300 1.604930 -0.030821 0.791543 0.374135 -0.482217
1311868169.031214 0.785807 -1.489240 1.611380 -0.036737 0.796501 0.364856 -0.480748
1311868169.063354 0.748889 -1.495370 1.620830 -0.047983 0.793810 0.354568 -0.491779
1311868169.099339 0.724613 -1.502780 1.620710 -0.061353 0.795193 0.346079 -0.494099
1311868169.131247 0.708557 -1.506970 1.625510 0.061067 -0.797553 -0.330298 0.501083
1311868169.199452 0.684858 -1.509970 1.611740 -0.054359 0.798506 0.341160 -0.492994
1311868169.231354 0.661782 -1.515660 1.595150 -0.057369 0.797713 0.356560 -0.482937
1311868169.263274 0.641870 -1.523660 1.602400 -0.056719 0.801238 0.367274 -0.468946
1311868169.299529 0.627228 -1.526100 1.616960 -0.048668 0.808264 0.375153 -0.451223
1311868169.331297 0.660100 -1.486760 1.623260 -0.047258 0.815375 0.373022 -0.440211
1311868169.363470 0.651937 -1.489310 1.636700 -0.043170 0.818188 0.378274 -0.430829
1311868169.399437 0.647594 -1.493960 1.661200 -0.027931 0.823880 0.386797 -0.413316
1311868169.431440 0.670872 -1.498110 1.681730 -0.028648 0.825535 0.391316 -0.405639
1311868169.463229 0.733438 -1.467020 1.692670 -0.036709 0.824753 0.389173 -0.408632
1311868169.499263 0.760376 -1.474030 1.705740 -0.035601 0.822239 0.388792 -0.414124
1311868169.531434 0.798401 -1.477730 1.725230 -0.031448 0.814694 0.395714 -0.422725
1311868169.563501 0.821852 -1.483620 1.740270 -0.025395 0.806607 0.413500 -0.421615
1311868169.599378 0.847266 -1.496380 1.765990 -0.028998 0.795881 0.417764 -0.437271
1311868169.631327 0.861323 -1.507320 1.793660 -0.026816 0.793710 0.419190 -0.439984
1311868169.663240 0.863123 -1.515580 1.813610 -0.021593 0.795261 0.420426 -0.436276
1311868169.699466 0.864083 -1.524840 1.837420 -0.026169 0.798987 0.422957 -0.426666
1311868169.731279 0.858910 -1.542050 1.890150 -0.025806 0.808038 0.427390 -0.404658
1311868169.763417 0.847454 -1.552840 1.941710 -0.012721 0.813442 0.435506 -0.385339
1311868169.799368 0.833938 -1.552530 1.996360 -0.017901 0.810327 0.454631 -0.369272
1311868169.831415 0.831468 -1.551670 2.006860 -0.018393 0.808052 0.460252 -0.367266
1311868169.863396 0.830233 -1.550690 2.014220 -0.018121 0.805966 0.464697 -0.366263
1311868169.899390 0.839624 -1.553440 2.043720 0.000915 0.807669 0.472473 -0.352761
1311868169.931272 0.859618 -1.560090 2.070450 0.009828 0.807532 0.475454 -0.348912
1311868169.963415 0.874231 -1.563380 2.082920 0.014192 0.805405 0.479141 -0.348636
1311868169.999399 0.925708 -1.566910 2.112800 0.025877 0.799522 0.487621 -0.349745
1311868170.031274 0.945143 -1.569310 2.124120 0.041879 0.797041 0.491182 -0.348875
1311868170.063469 0.971097 -1.576560 2.150030 0.044300 0.791211 0.497924 -0.352271
1311868170.099394 0.997009 -1.579070 2.159870 0.038557 0.786922 0.501256 -0.357784
1311868170.131345 1.009290 -1.580430 2.165900 0.039238 0.784360 0.503587 -0.360058
1311868170.163416 1.033730 -1.585890 2.177470 0.039993 0.777698 0.512504 -0.361839
1311868170.199317 1.076120 -1.598180 2.198870 0.040389 0.766414 0.523589 -0.369911
1311868170.231467 1.085670 -1.603460 2.206500 0.039486 0.764980 0.526548 -0.368775
1311868170.263521 1.097270 -1.608200 2.218820 0.043291 0.764618 0.527117 -0.368286
1311868170.299432 1.096240 -1.620180 2.251690 0.046910 0.762025 0.528797 -0.370799
1311868170.331325 1.099450 -1.636610 2.283010 0.046497 0.758473 0.528227 -0.378860
1311868170.363400 1.098160 -1.644230 2.298260 0.046039 0.757109 0.528998 -0.380563
1311868170.399421 1.096470 -1.661820 2.324130 0.044207 0.756863 0.527723 -0.383032
1311868170.431288 1.097190 -1.667240 2.332030 0.045184 0.757078 0.527508 -0.382789
1311868170.463383 1.090540 -1.695610 2.375480 0.043640 0.757511 0.525335 -0.385093
1311868170.499476 1.091510 -1.699940 2.383210 0.042449 0.757220 0.524741 -0.386606
1311868170.531505 1.092640 -1.704340 2.390430 0.041719 0.757192 0.524307 -0.387329
1311868170.563345 1.091960 -1.713820 2.405560 0.043363 0.757973 0.522942 -0.387465
1311868170.599324 1.087430 -1.726940 2.429060 0.042697 0.757922 0.521023 -0.390214
1311868170.631485 1.082420 -1.734390 2.441650 0.041339 0.756068 0.521971 -0.392682
1311868170.663430 1.082670 -1.738240 2.446070 0.040263 0.756096 0.521340 -0.393578
1311868170.699432 1.083840 -1.753330 2.465230 0.040820 0.760067 0.516032 -0.392866
1311868170.731397 1.085000 -1.756760 2.473540 0.043033 0.761335 0.514642 -0.391997
1311868170.763453 1.083550 -1.759400 2.489850 0.044742 0.758726 0.517814 -0.392688
1311868170.799446 1.083810 -1.758770 2.491150 0.045640 0.757302 0.519284 -0.393389
1311868170.831309 1.073660 -1.762980 2.503840 0.046989 0.756204 0.522161 -0.391532
1311868170.863446 1.071810 -1.763810 2.505020 0.046295 0.756396 0.522382 -0.390948
1311868170.899435 1.070390 -1.766980 2.507500 0.045537 0.757212 0.521278 -0.390930
1311868170.931374 1.063680 -1.781870 2.516310 0.040044 0.759595 0.518357 -0.390794
1311868170.963440 1.061790 -1.786310 2.519910 0.038336 0.759738 0.518417 -0.390608
1311868170.999483 1.055210 -1.792050 2.523200 0.033914 0.759268 0.518542 -0.391763
1311868171.031493 1.053120 -1.792950 2.524030 0.034995 0.758687 0.518640 -0.392661
1311868171.063438 1.038530 -1.796020 2.524310 0.038112 0.757651 0.518323 -0.394785
1311868171.099448 1.029070 -1.796930 2.523030 0.038634 0.756860 0.518004 -0.396667
1311868171.131477 1.008030 -1.793370 2.516190 0.036991 0.753737 0.519694 -0.400540
1311868171.163447 0.984483 -1.788940 2.504530 0.037239 0.750340 0.520317 -0.406047
1311868171.199444 0.974490 -1.788310 2.495750 0.035446 0.749569 0.519769 -0.408328
1311868171.231391 0.969658 -1.788390 2.491450 0.032831 0.750093 0.519829 -0.407506
1311868171.263404 0.965230 -1.788540 2.487380 0.030938 0.750481 0.519505 -0.407353
1311868171.299368 0.947320 -1.788080 2.473550 0.030865 0.750808 0.515721 -0.411544
1311868171.331406 0.936044 -1.784970 2.454470 0.029089 0.752052 0.512976 -0.412829
1311868171.363479 0.924912 -1.782180 2.444290 0.029521 0.754440 0.512759 -0.408691
1311868171.399409 0.912857 -1.777770 2.429350 0.029670 0.756251 0.511236 -0.407238
1311868171.463459 0.909293 -1.776570 2.424700 0.029476 0.757390 0.510408 -0.406172
1311868171.499514 0.897670 -1.775410 2.413600 0.027558 0.761231 0.507277 -0.403037
1311868171.531471 0.890523 -1.777770 2.403240 0.027522 0.764617 0.505499 -0.398843
1311868171.563381 0.873759 -1.785840 2.388750 0.023217 0.771279 0.505635 -0.385906
1311868171.599490 0.872656 -1.788290 2.383160 0.030686 0.774687 0.506601 -0.377194
1311868171.631528 0.867564 -1.790100 2.382340 0.034968 0.775870 0.509675 -0.370184
1311868171.663411 0.859597 -1.791990 2.379650 0.037619 0.776629 0.512038 -0.365035
1311868171.699419 0.840128 -1.798130 2.375480 0.037960 0.779722 0.516211 -0.352306
1311868171.731499 0.837704 -1.801210 2.373870 0.036178 0.781296 0.516381 -0.348742
1311868171.763455 0.817045 -1.820880 2.362340 0.017885 0.788864 0.517483 -0.331038
1311868171.799464 0.810469 -1.828080 2.357110 0.013363 0.791783 0.516497 -0.325781
1311868171.831419 0.803602 -1.834560 2.353180 0.011122 0.795106 0.514073 -0.321580
1311868171.899575 0.791403 -1.844600 2.349710 0.005524 0.799660 0.509408 -0.317834
1311868171.931516 0.783092 -1.855790 2.344200 0.002434 0.804196 0.501365 -0.319213
1311868171.999580 0.780659 -1.858990 2.342770 0.003025 0.805031 0.500972 -0.317717
1311868172.031533 0.779413 -1.861390 2.342350 0.003760 0.805608 0.500663 -0.316731
1311868172.063426 0.772253 -1.868950 2.339140 0.005220 0.802786 0.506477 -0.314626
1311868172.099529 0.762111 -1.879820 2.326740 0.006598 0.803815 0.508366 -0.308874
1311868172.131546 0.756304 -1.888790 2.322000 0.006063 0.806577 0.502532 -0.311223
1311868172.163558 0.747931 -1.903060 2.314140 0.000825 0.810225 0.493750 -0.315827
1311868172.199781 0.747228 -1.905600 2.312430 -0.000411 0.810751 0.492410 -0.316569
1311868172.263475 0.747072 -1.915380 2.305270 0.002339 0.814813 0.485731 -0.316451
1311868172.299544 0.738458 -1.924310 2.307100 0.009120 0.818864 0.483365 -0.309418
1311868172.363479 0.735886 -1.926560 2.310840 0.008900 0.819918 0.481835 -0.309017
1311868172.399483 0.732057 -1.933320 2.312450 0.007125 0.820644 0.478906 -0.311676
1311868172.463477 0.731247 -1.937980 2.318250 0.006766 0.821641 0.476346 -0.312980
1311868172.499467 0.727363 -1.943470 2.326110 0.006167 0.822391 0.474664 -0.313577
1311868172.563601 0.720828 -1.952390 2.338420 0.000696 0.821979 0.473628 -0.316272
1311868172.599590 0.717636 -1.961600 2.353570 -0.001864 0.822059 0.471283 -0.319544
1311868172.631587 0.706129 -1.981720 2.399340 -0.008786 0.818116 0.471652 -0.328870
1311868172.663612 0.706263 -1.985310 2.429040 -0.005267 0.813217 0.478291 -0.331496
1311868172.699619 0.704236 -1.986060 2.435430 -0.004957 0.811476 0.481175 -0.331595
1311868172.763469 0.701477 -1.986620 2.449890 -0.005826 0.808386 0.485435 -0.332914
1311868172.799623 0.705569 -1.989570 2.476080 -0.011054 0.802843 0.483577 -0.348533
1311868172.863483 0.711476 -1.990250 2.481770 -0.011032 0.801644 0.482735 -0.352439
1311868172.899539 0.726447 -1.991990 2.506280 0.000564 0.797461 0.488277 -0.354461
1311868172.931607 0.757720 -1.994680 2.538830 0.006518 0.785330 0.491597 -0.376230
1311868172.963571 0.768362 -1.995660 2.547380 0.013341 0.782579 0.490464 -0.383196
1311868172.999602 0.789594 -1.996440 2.565020 0.023613 0.775950 0.492820 -0.393032
1311868173.067546 0.797921 -1.996450 2.574590 0.031733 0.772191 0.493897 -0.398474
1311868173.099605 0.799410 -1.995690 2.579570 0.035622 0.770111 0.495498 -0.400180
1311868173.131499 0.809033 -2.000760 2.615570 0.044571 0.759696 0.497309 -0.416606
1311868173.167457 0.806435 -2.011520 2.641080 0.043611 0.756366 0.496403 -0.423786
1311868173.199628 0.797401 -2.035590 2.694790 0.038067 0.759032 0.504032 -0.410335
1311868173.231487 0.783658 -2.045610 2.722950 0.036006 0.760132 0.516010 -0.393240
1311868173.267665 0.775538 -2.051780 2.738930 0.033061 0.761288 0.521966 -0.383276
1311868173.299659 0.764180 -2.060060 2.762820 0.031391 0.761228 0.528411 -0.374607
1311868173.331533 0.759852 -2.063230 2.771270 0.032145 0.761411 0.530534 -0.371154
1311868173.367650 0.738756 -2.072650 2.809100 0.041248 0.759072 0.538470 -0.363538
1311868173.399596 0.728669 -2.074550 2.828890 0.041794 0.757500 0.543753 -0.358860
1311868173.431624 0.722971 -2.075560 2.841190 0.045970 0.756528 0.544362 -0.359477
1311868173.467604 0.720287 -2.076080 2.847290 0.049315 0.756102 0.544914 -0.359095
1311868173.531628 0.709535 -2.074940 2.862570 0.056375 0.752929 0.548414 -0.359394
1311868173.567616 0.698718 -2.074560 2.873090 0.053215 0.750121 0.549889 -0.363470
1311868173.631603 0.685817 -2.077320 2.884680 0.054920 0.749454 0.549476 -0.365212
1311868173.667986 0.670702 -2.077260 2.896480 0.057787 0.746994 0.547274 -0.373033
1311868173.699670 0.646653 -2.074160 2.903330 0.061069 0.745917 0.549777 -0.370979
1311868173.731607 0.611647 -2.073370 2.904790 0.053998 0.745771 0.555237 -0.364175
1311868173.767623 0.605804 -2.072940 2.904320 0.054857 0.745560 0.556434 -0.362649
1311868173.799549 0.600301 -2.073020 2.903760 0.056058 0.745558 0.557415 -0.360959
1311868173.831620 0.588709 -2.071780 2.902270 0.056840 0.745751 0.560543 -0.355552
1311868173.867507 0.583689 -2.072350 2.901660 0.054852 0.746170 0.562174 -0.352397
1311868173.931642 0.571895 -2.072080 2.900720 0.051340 0.748003 0.563348 -0.347124
1311868173.967631 0.549227 -2.074100 2.901400 0.051035 0.750991 0.563461 -0.340472
1311868173.999745 0.522947 -2.071520 2.902560 0.053098 0.752885 0.563482 -0.335909
1311868174.031740 0.517859 -2.071030 2.902710 0.054947 0.753201 0.563511 -0.334853
1311868174.067656 0.509233 -2.069850 2.903220 0.056346 0.753283 0.564086 -0.333465
1311868174.099508 0.492397 -2.067670 2.903470 0.059278 0.754927 0.563415 -0.330359
1311868174.131747 0.476814 -2.067020 2.903800 0.061745 0.758943 0.562756 -0.321715
1311868174.167874 0.470048 -2.066750 2.904920 0.062435 0.761504 0.564027 -0.313192
1311868174.231617 0.461211 -2.067220 2.906530 0.062209 0.764200 0.566134 -0.302692
1311868174.267791 0.456541 -2.068390 2.907710 0.062062 0.765203 0.566813 -0.298893
1311868174.299749 0.427029 -2.074210 2.915040 0.058354 0.770204 0.571683 -0.276698
1311868174.331790 0.420617 -2.076180 2.916820 0.056025 0.771674 0.571963 -0.272471
1311868174.367988 0.401971 -2.088110 2.926420 0.056420 0.775837 0.571984 -0.260249
1311868174.399743 0.394467 -2.090360 2.929440 0.057605 0.776336 0.573363 -0.255424
1311868174.431786 0.359959 -2.108920 2.947610 0.046700 0.778651 0.578466 -0.238537
1311868174.467566 0.338718 -2.118970 2.961150 0.046837 0.779182 0.582203 -0.227427
1311868174.499672 0.326738 -2.125570 2.971000 0.044627 0.779042 0.584386 -0.222704
1311868174.531708 0.320702 -2.128610 2.976760 0.045136 0.778797 0.585603 -0.220250
1311868174.567585 0.296252 -2.137800 2.996690 0.044722 0.778081 0.590829 -0.208596
1311868174.599662 0.290226 -2.140300 3.001990 0.043561 0.778038 0.591158 -0.208072
1311868174.631772 0.264789 -2.151830 3.025900 0.048399 0.778971 0.591186 -0.203380
1311868174.667800 0.256489 -2.155640 3.033820 0.048997 0.779154 0.591410 -0.201878
1311868174.699578 0.252732 -2.156960 3.037220 0.049574 0.779409 0.591318 -0.201021
1311868174.731625 0.232541 -2.166050 3.053800 0.053417 0.782519 0.589148 -0.194209
1311868174.767680 0.225545 -2.166520 3.056220 0.054649 0.782622 0.588320 -0.195952
1311868174.799810 0.217153 -2.169700 3.059960 0.054505 0.784422 0.586993 -0.192752
1311868174.831815 0.191571 -2.166840 3.061390 0.054981 0.783054 0.587550 -0.196444
1311868174.867798 0.168084 -2.163730 3.059600 0.053167 0.784787 0.587330 -0.190597
1311868174.899678 0.164699 -2.162760 3.059440 0.053346 0.784349 0.588120 -0.189917
1311868174.931819 0.158199 -2.162030 3.059690 0.052538 0.783316 0.590491 -0.187026
1311868174.967694 0.154444 -2.161720 3.059860 0.050699 0.782663 0.592159 -0.184981
1311868174.999803 0.128615 -2.157130 3.063260 0.047066 0.779334 0.598463 -0.179633
1311868175.031665 0.124068 -2.157450 3.065000 0.047732 0.778615 0.599951 -0.177601
1311868175.067713 0.105183 -2.156180 3.070460 0.044017 0.775513 0.607649 -0.165551
1311868175.099631 0.093509 -2.153710 3.072250 0.043946 0.773955 0.610760 -0.161357
1311868175.131719 0.061449 -2.157250 3.078310 0.041882 0.773438 0.612958 -0.155963
1311868175.167807 0.054406 -2.156540 3.078610 0.038785 0.772964 0.613888 -0.155454
1311868175.199578 -0.017506 -2.170910 3.081560 0.026853 0.781823 0.603358 -0.154896
1311868175.231818 -0.021535 -2.172160 3.079450 0.025986 0.783678 0.601815 -0.151638
1311868175.267750 -0.028384 -2.176020 3.074980 0.022867 0.787427 0.598550 -0.145519
1311868175.299978 -0.132289 -1.753940 2.972800 0.028069 0.825582 0.551457 -0.116290
1311868175.331887 -0.211772 -1.807520 2.903580 0.019461 0.828474 0.553059 -0.085910
1311868175.367738 -0.239098 -1.828650 2.888840 0.018721 0.827893 0.555310 -0.076648
1311868175.400048 -0.244864 -1.832380 2.885030 0.019050 0.826731 0.557494 -0.073181
1311868175.431994 -0.250479 -1.834870 2.879970 0.020265 0.825691 0.559437 -0.069683
1311868175.467702 -0.269387 -1.845440 2.867420 0.019267 0.822105 0.566067 -0.057812
1311868175.499770 -0.292245 -1.864020 2.854160 0.010543 0.823853 0.563386 -0.061265
1311868175.531778 -0.323333 -1.903120 2.835520 0.018653 0.822039 0.567586 -0.041860
1311868175.567800 -0.347273 -1.920660 2.821380 0.015308 0.824064 0.564680 -0.042685
1311868175.599867 -0.345008 -1.383050 2.775530 -0.062120 0.866536 0.495068 -0.012855
1311868175.631778 -0.345967 -1.396790 2.759120 -0.066656 0.873145 0.482204 -0.025621
1311868175.667696 -0.347571 -1.404280 2.746480 -0.070358 0.876849 0.474812 -0.027222
1311868175.699784 -0.355705 -1.421960 2.724460 -0.071011 0.885978 0.456547 -0.039592
1311868175.731708 -0.383686 -1.349590 2.747220 -0.093988 0.872773 0.478469 -0.022413
1311868175.767584 -0.387483 -1.345170 2.755120 -0.093780 0.872491 0.479138 -0.019841
1311868175.799815 -0.392723 -1.343510 2.756370 -0.094046 0.871244 0.481491 -0.016029
1311868175.831761 -0.425599 -1.334550 2.777890 -0.101312 0.868362 0.485473 -0.000913
1311868175.867687 -0.465829 -1.327210 2.800240 -0.091297 0.865461 0.492342 0.015565
1311868175.899663 -0.519626 -1.312440 2.825650 -0.087307 0.863085 0.497238 0.014759
1311868175.931644 -0.539722 -1.302780 2.835970 -0.088969 0.860877 0.500738 0.015459
1311868175.967871 -0.543224 -1.302170 2.835870 -0.090834 0.859577 0.502658 0.014598
1311868175.999870 -0.577071 -1.281270 2.861360 -0.095868 0.855714 0.508456 0.006092
1311868176.032043 -0.614002 -1.264280 2.905330 -0.109717 0.847829 0.518776 0.004712
1311868176.067949 -0.627726 -1.258700 2.920860 -0.106269 0.845783 0.522785 0.007493
1311868176.099801 -0.648780 -1.251970 2.936810 -0.102564 0.843679 0.526913 0.007083
1311868176.131691 -0.699115 -1.229400 2.967850 -0.093139 0.834602 0.542893 0.005909
1311868176.167963 -0.704931 -1.226380 2.971930 -0.092409 0.833020 0.545441 0.005817
1311868176.199892 -0.720143 -1.208860 2.977990 -0.089155 0.828874 0.552277 0.003391
1311868176.231937 -0.732979 -1.185450 2.987150 -0.090817 0.825714 0.556721 -0.003640
1311868176.267779 -0.740996 -1.165830 2.989160 -0.091406 0.821704 0.562535 -0.002234
1311868176.299834 -0.744372 -1.161100 2.986270 -0.091685 0.820594 0.564110 -0.001098
1311868176.331871 -0.765011 -1.130360 2.983670 -0.082728 0.818129 0.569006 -0.007444
1311868176.367752 -0.771968 -1.116840 2.977850 -0.080077 0.818479 0.568876 -0.007888
1311868176.399921 -0.789412 -1.098810 2.969650 -0.075440 0.818673 0.569279 -0.002709
1311868176.431678 -0.803634 -1.087930 2.952480 -0.074849 0.816643 0.572245 0.005483
1311868176.467865 -0.813254 -1.072300 2.944990 -0.086173 0.817885 0.568890 0.002065
1311868176.499760 -0.817460 -1.062170 2.946120 -0.084490 0.820843 0.564855 0.004297
1311868176.531915 -0.829613 -1.056530 2.942550 -0.084972 0.822153 0.562791 0.010614
1311868176.567758 -0.834238 -1.046630 2.944530 -0.087107 0.822925 0.561314 0.011653
1311868176.602124 -0.840392 -1.039370 2.947240 -0.083911 0.821321 0.564045 0.015665
1311868176.631719 -0.845248 -1.033540 2.943380 -0.083869 0.817698 0.569203 0.018607
1311868176.667782 -0.844706 -1.027130 2.941230 -0.084235 0.817225 0.569851 0.017903
1311868176.699787 -0.856987 -1.024590 2.937570 -0.077502 0.817021 0.570764 0.026473
1311868176.731819 -0.859202 -1.024770 2.936530 -0.079075 0.817290 0.570085 0.028102
1311868176.767814 -0.870156 -1.026750 2.936320 -0.082924 0.819879 0.565187 0.038562
1311868176.799720 -0.893582 -1.033450 2.933410 -0.081934 0.819053 0.565535 0.051100
1311868176.831887 -0.918267 -1.033200 2.930570 -0.088042 0.818156 0.565422 0.056295
1311868176.867790 -0.931485 -1.033610 2.930560 -0.086046 0.818002 0.565733 0.058460
1311868176.899837 -0.959938 -1.038670 2.929820 -0.087457 0.815524 0.568086 0.067477
1311868176.931762 -0.988459 -1.041930 2.931060 -0.091388 0.814817 0.568182 0.069944
1311868176.967856 -0.999312 -1.043310 2.932010 -0.091418 0.814389 0.568573 0.071704
1311868176.999907 -1.017750 -1.045620 2.932230 -0.093179 0.813852 0.568543 0.075650
1311868177.031966 -1.087960 -1.057020 2.939050 -0.098336 0.810829 0.570566 0.085697
1311868177.067892 -1.113630 -1.057740 2.946070 -0.096578 0.810772 0.571048 0.085021
1311868177.099730 -1.145560 -1.061340 2.949650 -0.096885 0.808898 0.573578 0.085490
1311868177.131895 -1.199090 -1.067520 2.956720 -0.098287 0.807862 0.575343 0.081742
1311868177.168091 -1.210170 -1.069260 2.957900 -0.099276 0.808634 0.574202 0.080935
1311868177.199869 -1.214660 -1.068810 2.957770 -0.097880 0.809223 0.573976 0.078301
1311868177.231903 -1.227640 -1.069000 2.953440 -0.095316 0.810707 0.572969 0.073335
1311868177.267807 -1.245540 -1.070790 2.944820 -0.094883 0.813248 0.570209 0.067005
1311868177.299871 -1.247810 -1.069460 2.944740 -0.095021 0.814117 0.569082 0.065823
1311868177.331730 -1.277240 -1.067310 2.923490 -0.099518 0.816518 0.565298 0.061931
1311868177.367900 -1.287440 -1.066570 2.909220 -0.097609 0.815611 0.566432 0.066404
1311868177.399987 -1.298510 -1.062040 2.884760 -0.101056 0.817737 0.561251 0.078061
1311868177.431827 -1.304090 -1.062500 2.880730 -0.101289 0.818596 0.559489 0.081332
1311868177.467848 -1.329960 -1.058330 2.854510 -0.103046 0.816784 0.559909 0.093539
1311868177.499762 -1.335730 -1.055530 2.845440 -0.106801 0.815542 0.560392 0.097204
1311868177.531751 -1.341600 -1.050640 2.832110 -0.112631 0.814796 0.559427 0.102304
1311868177.567851 -1.348700 -1.044740 2.824720 -0.109187 0.816839 0.556978 0.103105
1311868177.599732 -1.370560 -1.044520 2.795110 -0.103162 0.820938 0.549980 0.113768
1311868177.632083 -1.384300 -1.044560 2.780540 -0.084761 0.819415 0.552529 0.126841
1311868177.667866 -1.393640 -1.042480 2.768490 -0.084478 0.820165 0.550808 0.129641
1311868177.699913 -1.396440 -1.042360 2.764860 -0.082839 0.819869 0.550919 0.132071
1311868177.731996 -1.414360 -1.041390 2.748550 -0.087910 0.818393 0.547581 0.150539
1311868177.767937 -1.432270 -1.042260 2.727090 -0.090769 0.816292 0.543301 0.173938
1311868177.799899 -1.448010 -1.044360 2.712750 -0.091657 0.813459 0.540418 0.194512
1311868177.832005 -1.458310 -1.044540 2.699360 -0.102456 0.810590 0.537887 0.207669
1311868177.867810 -1.471660 -1.047520 2.683450 -0.107113 0.809423 0.533427 0.220949
1311868177.899856 -1.474590 -1.048980 2.679790 -0.108520 0.808910 0.532364 0.224675
1311868177.931937 -1.483290 -1.056820 2.650420 -0.115077 0.804748 0.530913 0.239315
1311868177.967919 -1.482850 -1.065480 2.631900 -0.117923 0.804445 0.526633 0.248239
1311868178.000124 -1.483420 -1.072800 2.615200 -0.113676 0.805306 0.523381 0.254234
1311868178.031988 -1.483850 -1.078560 2.608140 -0.113786 0.804434 0.517491 0.268598
1311868178.068015 -1.482330 -1.079560 2.603960 -0.114467 0.804073 0.516342 0.271584
1311868178.100039 -1.482040 -1.081590 2.600920 -0.115395 0.803985 0.514404 0.275107
1311868178.131987 -1.477750 -1.088120 2.585930 -0.112787 0.803500 0.513057 0.280074
1311868178.167955 -1.465950 -1.108600 2.551520 -0.108321 0.802562 0.512797 0.284961
1311868178.199855 -1.464780 -1.111030 2.545370 -0.106566 0.803968 0.511857 0.283345
1311868178.231966 -1.467000 -1.115920 2.543780 -0.104406 0.805781 0.508620 0.284826
1311868178.267968 -1.465030 -1.117950 2.537800 -0.102800 0.806126 0.508211 0.285160
1311868178.299815 -1.466800 -1.132270 2.517080 -0.099251 0.804445 0.506546 0.293994
1311868178.332180 -1.467610 -1.133530 2.512140 -0.099404 0.804989 0.506300 0.292873
1311868178.367989 -1.471560 -1.140520 2.492500 -0.099887 0.808743 0.504194 0.285916
1311868178.400074 -1.473830 -1.149960 2.480130 -0.093197 0.809581 0.502551 0.288683
1311868178.432167 -1.487230 -1.175470 2.446680 -0.086801 0.816830 0.488985 0.293514
1311868178.467895 -1.487220 -1.177640 2.443900 -0.086668 0.817709 0.488567 0.291796
1311868178.500102 -1.486410 -1.191120 2.421760 -0.091608 0.819169 0.489341 0.284814
1311868178.531933 -1.489090 -1.204660 2.414120 -0.087435 0.826942 0.478159 0.282646
1311868178.567928 -1.491190 -1.211590 2.413490 -0.086885 0.830587 0.471809 0.282799
1311868178.600064 -1.492770 -1.212090 2.412270 -0.088207 0.831660 0.469604 0.282906
1311868178.632030 -1.486850 -1.200060 2.405690 -0.089270 0.828474 0.475653 0.281812
1311868178.668047 -1.481550 -1.193270 2.402630 -0.093540 0.830635 0.472350 0.279615
1311868178.699917 -1.473560 -1.188480 2.410590 -0.090096 0.834212 0.465447 0.281665
1311868178.731905 -1.474090 -1.181430 2.417410 -0.088370 0.836051 0.461175 0.283777
1311868178.767938 -1.473840 -1.178770 2.418990 -0.088132 0.835915 0.461449 0.283807
1311868178.799974 -1.483890 -1.159370 2.423810 -0.082072 0.831834 0.467304 0.288003
1311868178.831967 -1.485220 -1.156180 2.422540 -0.081558 0.831893 0.467862 0.287074
1311868178.867919 -1.503920 -1.141180 2.424710 -0.074357 0.832627 0.469128 0.284823
1311868178.900038 -1.518810 -1.135240 2.434280 -0.069098 0.831435 0.464115 0.297557
1311868178.932267 -1.547610 -1.120780 2.441110 -0.080661 0.829065 0.460789 0.306303
1311868178.967934 -1.565180 -1.101800 2.441070 -0.091999 0.827154 0.459312 0.310464
1311868179.000009 -1.597270 -1.059250 2.455800 -0.082348 0.827529 0.459556 0.311809
1311868179.032182 -1.602660 -1.051230 2.459850 -0.081009 0.827218 0.460554 0.311513
1311868179.067847 -1.630360 -0.995644 2.475520 -0.071817 0.812078 0.478376 0.326392
1311868179.100093 -1.647360 -0.962025 2.485740 -0.060500 0.803614 0.490048 0.332265
1311868179.132026 -1.650430 -0.956804 2.490150 -0.059377 0.802154 0.490413 0.335443
1311868179.167985 -1.652560 -0.950518 2.491860 -0.059705 0.800833 0.490395 0.338552
1311868179.200163 -1.667450 -0.920425 2.516060 -0.049804 0.796123 0.490114 0.351424
1311868179.232011 -1.671800 -0.916016 2.520280 -0.048206 0.794450 0.491666 0.353259
1311868179.268108 -1.673440 -0.901520 2.532400 -0.049109 0.787825 0.499952 0.356330
1311868179.300467 -1.679570 -0.885947 2.543590 -0.048026 0.782442 0.506965 0.358422
1311868179.333050 -1.692660 -0.866251 2.561220 -0.053454 0.777793 0.508371 0.365708
1311868179.368133 -1.698410 -0.857885 2.570630 -0.060680 0.772295 0.512573 0.370337
1311868179.400093 -1.703320 -0.853027 2.576890 -0.063807 0.767530 0.517587 0.372737
1311868179.432203 -1.717750 -0.835442 2.592420 -0.070799 0.761104 0.526547 0.372101
1311868179.467999 -1.726960 -0.831171 2.596330 -0.070767 0.758766 0.530132 0.371792
1311868179.500080 -1.730530 -0.829126 2.598170 -0.070759 0.756575 0.532537 0.372819
1311868179.532184 -1.746380 -0.819061 2.603610 -0.069837 0.752005 0.538521 0.373644
1311868179.567958 -1.758040 -0.816936 2.606740 -0.072996 0.751765 0.537983 0.374297
1311868179.600201 -1.763990 -0.815944 2.608620 -0.074200 0.750947 0.537718 0.376079
1311868179.632001 -1.771190 -0.812639 2.613200 -0.074648 0.750445 0.538561 0.375784
1311868179.668182 -1.780250 -0.811234 2.617630 -0.076735 0.751472 0.536193 0.376699
1311868179.700151 -1.785870 -0.809930 2.620220 -0.079220 0.752313 0.534143 0.377418
1311868179.732177 -1.791030 -0.812189 2.621860 -0.080067 0.752580 0.533421 0.377729
1311868179.768285 -1.793670 -0.813216 2.623560 -0.081137 0.752870 0.533414 0.376930
1311868179.800056 -1.797050 -0.813194 2.625570 -0.079498 0.753151 0.535071 0.374361
1311868179.832089 -1.800250 -0.814953 2.626770 -0.078408 0.754032 0.535059 0.372832
1311868179.867839 -1.804630 -0.814655 2.626900 -0.077722 0.756043 0.534928 0.369071
1311868179.899932 -1.805450 -0.814505 2.627450 -0.077535 0.756875 0.535664 0.366328
1311868179.932050 -1.811020 -0.814234 2.622760 -0.073948 0.757215 0.538925 0.361553
1311868179.968012 -1.816630 -0.815251 2.621100 -0.075116 0.758766 0.537831 0.359685
1311868179.999962 -1.816500 -0.814026 2.618870 -0.074918 0.758724 0.538301 0.359109
1311868180.031945 -1.825880 -0.811917 2.609900 -0.075828 0.760610 0.537839 0.355604
1311868180.068076 -1.832480 -0.808782 2.600450 -0.075996 0.758928 0.540666 0.354876
1311868180.100092 -1.841640 -0.803609 2.582810 -0.074144 0.756809 0.543446 0.355546
1311868180.131924 -1.851280 -0.798670 2.566020 -0.079219 0.753098 0.539606 0.367961
1311868180.168096 -1.854710 -0.796617 2.559530 -0.082653 0.750359 0.539391 0.373081
1311868180.200023 -1.859760 -0.791633 2.545150 -0.082372 0.744092 0.544116 0.378792
1311868180.232155 -1.868650 -0.787311 2.530660 -0.086924 0.740091 0.544854 0.384508
1311868180.268004 -1.871260 -0.783104 2.522100 -0.086723 0.738732 0.544879 0.387122
1311868180.299978 -1.876030 -0.780925 2.514410 -0.087952 0.736523 0.543087 0.393520
1311868180.331912 -1.881800 -0.780068 2.507070 -0.087237 0.736817 0.541530 0.395271
1311868180.368101 -1.888430 -0.777426 2.495710 -0.086966 0.734448 0.540415 0.401221
1311868180.400081 -1.893100 -0.773264 2.488450 -0.086457 0.732326 0.540941 0.404486
1311868180.432000 -1.898660 -0.765627 2.477810 -0.087743 0.731503 0.539994 0.406957
1311868180.468133 -1.900930 -0.763798 2.475040 -0.087225 0.731345 0.539197 0.408408
1311868180.500082 -1.904830 -0.761631 2.470350 -0.085506 0.730909 0.538152 0.410922
1311868180.531936 -1.907400 -0.760937 2.469170 -0.085031 0.731124 0.537933 0.410925
1311868180.568027 -1.913790 -0.761326 2.456710 -0.081517 0.733259 0.536280 0.409991
1311868180.600047 -1.917520 -0.761023 2.454570 -0.078098 0.733102 0.537159 0.409788
1311868180.632105 -1.919810 -0.760748 2.453750 -0.076988 0.732988 0.537642 0.409568
1311868180.668185 -1.928860 -0.758517 2.447610 -0.072768 0.730898 0.538916 0.412389
1311868180.700174 -1.934920 -0.755554 2.444410 -0.069757 0.730419 0.539666 0.412779
1311868180.732090 -1.941330 -0.754233 2.438950 -0.066128 0.731242 0.539949 0.411546
1311868180.768172 -1.958350 -0.750610 2.425480 -0.064480 0.729298 0.537557 0.418332
1311868180.800199 -1.968990 -0.748143 2.412660 -0.068349 0.728459 0.534319 0.423299
1311868180.832010 -1.973360 -0.747642 2.407980 -0.069115 0.727856 0.531818 0.427343
1311868180.867980 -1.977790 -0.747074 2.403570 -0.069405 0.727614 0.529496 0.430579
1311868180.899974 -2.009810 -0.744920 2.373990 -0.072002 0.722624 0.525787 0.442925
1311868180.932135 -2.020510 -0.743962 2.365170 -0.075926 0.722690 0.523400 0.444982
1311868180.968026 -2.038920 -0.741997 2.349560 -0.074767 0.720920 0.523378 0.448066
1311868181.000013 -2.050620 -0.738894 2.340860 -0.076578 0.719916 0.523594 0.449120
1311868181.032168 -2.066300 -0.733900 2.325200 -0.080862 0.718484 0.523437 0.450843
1311868181.068183 -2.075210 -0.732947 2.316760 -0.082825 0.718213 0.521108 0.453608
1311868181.100120 -2.083220 -0.732311 2.308190 -0.083350 0.718582 0.519022 0.455317
1311868181.132035 -2.087280 -0.732724 2.304390 -0.082784 0.719031 0.518110 0.455749
1311868181.168020 -2.095790 -0.732219 2.296310 -0.081570 0.718850 0.516421 0.458163
1311868181.200040 -2.114390 -0.732586 2.286080 -0.081077 0.717744 0.515480 0.461036
1311868181.232080 -2.127540 -0.730122 2.279100 -0.083796 0.715868 0.514434 0.464620
1311868181.268006 -2.140280 -0.728566 2.273540 -0.083649 0.713998 0.515310 0.466550
1311868181.300111 -2.159760 -0.725862 2.262410 -0.082936 0.711959 0.513675 0.471570
1311868181.332051 -2.177240 -0.720835 2.253570 -0.078908 0.705936 0.515427 0.479340
1311868181.367997 -2.183630 -0.718798 2.249630 -0.078149 0.703853 0.515066 0.482901
1311868181.400094 -2.186290 -0.719089 2.249800 -0.078390 0.703242 0.514741 0.484097
1311868181.432419 -2.193870 -0.715950 2.243980 -0.078434 0.702209 0.514867 0.485454
1311868181.468024 -2.196390 -0.716104 2.241880 -0.078313 0.701841 0.514903 0.485968
1311868181.500288 -2.210140 -0.710978 2.226480 -0.083057 0.701122 0.513513 0.487685
1311868181.532183 -2.214390 -0.707261 2.217680 -0.083274 0.702073 0.510710 0.489222
1311868181.568153 -2.222050 -0.709046 2.211230 -0.083752 0.706388 0.510510 0.483099
1311868181.600115 -2.225500 -0.705455 2.200570 -0.081081 0.706646 0.513466 0.480035
1311868181.632435 -2.233220 -0.699767 2.175040 -0.078862 0.707022 0.515358 0.477817
1311868181.668011 -2.238220 -0.694961 2.160160 -0.080451 0.707157 0.513698 0.479140
1311868181.700024 -2.240760 -0.693296 2.147680 -0.081495 0.708232 0.513534 0.477548
1311868181.732563 -2.241590 -0.685004 2.118830 -0.077849 0.702627 0.517921 0.481681
1311868181.768063 -2.243700 -0.678896 2.086200 -0.077670 0.699990 0.512396 0.491361
1311868181.800057 -2.244150 -0.679428 2.078560 -0.077740 0.700582 0.511061 0.491896
1311868181.832157 -2.244460 -0.677419 2.070160 -0.076934 0.701211 0.510588 0.491617
1311868181.868146 -2.245420 -0.667001 2.004480 -0.079649 0.702772 0.502397 0.497362
1311868181.900215 -2.245090 -0.660021 1.980410 -0.070902 0.698674 0.504414 0.502396
1311868181.932068 -2.246140 -0.653515 1.965840 -0.068111 0.699641 0.502820 0.503034
1311868181.968208 -2.245640 -0.652108 1.959920 -0.068146 0.699622 0.501631 0.504240
1311868182.000232 -2.246280 -0.649999 1.949880 -0.065960 0.697855 0.500721 0.507871
1311868182.032194 -2.249510 -0.638380 1.916500 -0.062991 0.689056 0.496406 0.524234
1311868182.068176 -2.255460 -0.633459 1.897010 -0.062816 0.679700 0.492807 0.539639
1311868182.100226 -2.257580 -0.629780 1.891350 -0.063052 0.676467 0.492071 0.544325
1311868182.136196 -2.274150 -0.621279 1.855630 -0.066651 0.659712 0.483739 0.571262
1311868182.168077 -2.288070 -0.611262 1.828350 -0.067617 0.649657 0.478581 0.586805
1311868182.200278 -2.297170 -0.611029 1.815490 -0.068162 0.645996 0.474781 0.593829
1311868182.236167 -2.300630 -0.608492 1.808870 -0.068013 0.643711 0.473507 0.597333
1311868182.268066 -2.310850 -0.606971 1.796970 -0.067215 0.640179 0.471187 0.603027
1311868182.300234 -2.317190 -0.607299 1.792230 -0.067540 0.639176 0.470528 0.604567
1311868182.336153 -2.350410 -0.597958 1.748770 -0.075419 0.634038 0.463705 0.614240
1311868182.368183 -2.364120 -0.593873 1.720330 -0.080507 0.628493 0.461421 0.620976
1311868182.400284 -2.378400 -0.590206 1.704350 -0.082001 0.625886 0.459411 0.624891
1311868182.436053 -2.387380 -0.586299 1.693670 -0.084199 0.625592 0.457367 0.626391
1311868182.468090 -2.394310 -0.579729 1.677520 -0.082150 0.626145 0.460292 0.623964
1311868182.500921 -2.395130 -0.575764 1.672220 -0.080601 0.626791 0.461365 0.622723
1311868182.536127 -2.394850 -0.571433 1.654770 -0.073072 0.631143 0.463567 0.617601
1311868182.568033 -2.393870 -0.569493 1.644550 -0.073025 0.631796 0.459006 0.620339
1311868182.600295 -2.395340 -0.587359 1.634890 -0.076397 0.634186 0.460654 0.616258
1311868182.636312 -2.381240 -0.584800 1.625030 -0.080364 0.628914 0.469638 0.614373
1311868182.668039 -2.319920 -0.583044 1.572370 -0.088110 0.620108 0.477829 0.615944
1311868182.700341 -2.311740 -0.584465 1.566790 -0.089664 0.619257 0.477920 0.616506
1311868182.736220 -2.294460 -0.587495 1.553630 -0.089202 0.618402 0.478741 0.616794
1311868182.768253 -2.258240 -0.598088 1.528980 -0.082911 0.618090 0.481857 0.615556
1311868182.800181 -2.210500 -0.613350 1.496890 -0.085921 0.616968 0.484829 0.613934
1311868182.836155 -2.190860 -0.609533 1.485970 -0.087192 0.621914 0.482718 0.610417
1311868182.868215 -2.170770 -0.622020 1.469280 -0.089616 0.629949 0.477248 0.606113
1311868182.900229 -2.156550 -0.632205 1.453320 -0.088262 0.625585 0.481627 0.607367
1311868182.936274 -2.154030 -0.637529 1.448390 -0.089549 0.622223 0.484912 0.608018
1311868182.968092 -2.145410 -0.637605 1.442070 -0.089497 0.617666 0.492223 0.606796
1311868183.000259 -2.119670 -0.629518 1.422800 -0.077229 0.615803 0.506865 0.598261
1311868183.036254 -2.099260 -0.627359 1.400550 -0.075178 0.626583 0.504703 0.589087
1311868183.068333 -2.089550 -0.633249 1.382600 -0.063440 0.631867 0.493206 0.594536
1311868183.100611 -2.084280 -0.633539 1.369390 -0.067508 0.635863 0.483037 0.598166
1311868183.136176 -2.066670 -0.631653 1.351260 -0.081100 0.633072 0.481495 0.600675
1311868183.168211 -2.061470 -0.630538 1.345480 -0.082988 0.633634 0.479215 0.601648
1311868183.200276 -2.047690 -0.638518 1.314160 -0.090319 0.642004 0.462508 0.604786
1311868183.236295 -2.032940 -0.640659 1.297130 -0.109431 0.635687 0.465227 0.606215
1311868183.268380 -2.027270 -0.641244 1.292600 -0.114606 0.633982 0.467602 0.605216
1311868183.300363 -1.985850 -0.640854 1.269300 -0.138160 0.624639 0.473878 0.605131
1311868183.336308 -1.971490 -0.644385 1.264020 -0.139764 0.624196 0.473787 0.605291
1311868183.368469 -1.965080 -0.647204 1.262260 -0.139701 0.623724 0.472714 0.606630
1311868183.400232 -1.911540 -0.676873 1.249440 -0.148434 0.626022 0.472364 0.602447
1311868183.436153 -1.889620 -0.687095 1.244490 -0.148810 0.620963 0.475181 0.605368
1311868183.468217 -1.863650 -0.705168 1.241970 -0.157439 0.618800 0.471058 0.608613
1311868183.500255 -1.836650 -0.720368 1.240050 -0.160662 0.615018 0.472300 0.610638
1311868183.536275 -1.801790 -0.734091 1.236630 -0.160618 0.613803 0.477189 0.608066
1311868183.568369 -1.784150 -0.743083 1.235350 -0.157027 0.620812 0.479634 0.599910
1311868183.600217 -1.774650 -0.750560 1.236210 -0.157128 0.625520 0.478774 0.595666
1311868183.636216 -1.769180 -0.754152 1.237290 -0.156907 0.626774 0.479112 0.594132
1311868183.668587 -1.760080 -0.763688 1.237980 -0.155579 0.628163 0.478308 0.593661
1311868183.700230 -1.746350 -0.774586 1.237580 -0.148973 0.628755 0.478888 0.594262
1311868183.736414 -1.738010 -0.782716 1.239770 -0.150087 0.632191 0.470970 0.596659
1311868183.768221 -1.731210 -0.791642 1.246670 -0.147300 0.634985 0.465193 0.598914
1311868183.800370 -1.726940 -0.799466 1.250440 -0.141485 0.630595 0.458208 0.610232
1311868183.836230 -1.731150 -0.803335 1.253090 -0.136600 0.632983 0.455194 0.611129
1311868183.868506 -1.733930 -0.803229 1.252790 -0.134337 0.632968 0.454400 0.612236
1311868183.900249 -1.755330 -0.789949 1.250270 -0.122388 0.624836 0.451621 0.625017
1311868183.936316 -1.768030 -0.781992 1.247510 -0.122791 0.625796 0.449361 0.625606
1311868183.968498 -1.772700 -0.778670 1.245540 -0.123037 0.625620 0.449689 0.625498
1311868184.000440 -1.831770 -0.737215 1.211900 -0.119417 0.614790 0.445577 0.639719
1311868184.036316 -1.853850 -0.725236 1.195460 -0.118853 0.615092 0.445679 0.639462
1311868184.070267 -1.887710 -0.712667 1.166360 -0.119825 0.615036 0.435957 0.646004
1311868184.100684 -1.915760 -0.710872 1.156970 -0.118698 0.615520 0.425873 0.652445
1311868184.136827 -1.943060 -0.705481 1.144250 -0.118739 0.613189 0.414229 0.662058
1311868184.169015 -1.992320 -0.694085 1.128920 -0.120044 0.609778 0.403205 0.671708
1311868184.200464 -2.018930 -0.684364 1.118030 -0.121426 0.608669 0.400444 0.674113
1311868184.236434 -2.044990 -0.673749 1.109290 -0.122247 0.607971 0.400407 0.674616
1311868184.268504 -2.076430 -0.658584 1.095290 -0.122246 0.606126 0.400424 0.676264
1311868184.300643 -2.094250 -0.651678 1.089260 -0.121937 0.605205 0.399681 0.677584
1311868184.336293 -2.101500 -0.647618 1.086840 -0.122450 0.604292 0.400253 0.677968
1311868184.368210 -2.119010 -0.635813 1.076860 -0.125008 0.600977 0.401906 0.679468
1311868184.400303 -2.173910 -0.590801 1.043150 -0.120780 0.597409 0.411358 0.677720
1311868184.436272 -2.194150 -0.570768 1.028060 -0.115740 0.601150 0.410916 0.675557
1311868184.468412 -2.202360 -0.553509 1.017910 -0.114874 0.603980 0.409115 0.674272
1311868184.500438 -2.220670 -0.527270 1.001110 -0.115456 0.616657 0.400645 0.667753
1311868184.536326 -2.226770 -0.517119 0.997535 -0.114722 0.614682 0.400348 0.669875
1311868184.568437 -2.233410 -0.485966 0.980922 -0.112470 0.606605 0.402135 0.676516
1311868184.600381 -2.237190 -0.464966 0.965340 -0.105386 0.598015 0.401760 0.685468
1311868184.636350 -2.240840 -0.420070 0.927571 -0.109648 0.579849 0.400547 0.700943
1311868184.668352 -2.241150 -0.408317 0.919517 -0.112422 0.579782 0.398300 0.701838
1311868184.700710 -2.240920 -0.401851 0.916462 -0.112687 0.579347 0.398723 0.701914
1311868184.736501 -2.245990 -0.356993 0.892052 -0.091006 0.567956 0.393302 0.717261
1311868184.768456 -2.257400 -0.337734 0.884835 -0.087772 0.560730 0.390973 0.724585
1311868184.800366 -2.269890 -0.297051 0.862884 -0.074429 0.549659 0.397733 0.730855
1311868184.836324 -2.275610 -0.279678 0.849160 -0.066668 0.543824 0.396692 0.736513
1311868184.868735 -2.287620 -0.253838 0.814993 -0.067144 0.535601 0.390871 0.745553
1311868184.900445 -2.290570 -0.248929 0.807081 -0.067519 0.534210 0.390180 0.746877
1311868184.936308 -2.295270 -0.239245 0.791068 -0.069579 0.530002 0.386883 0.751388
1311868184.968436 -2.313080 -0.208894 0.739329 -0.087305 0.519335 0.365556 0.767492
1311868185.000422 -2.323700 -0.201057 0.721889 -0.086264 0.511592 0.364260 0.773402
1311868185.036432 -2.344560 -0.165805 0.657951 -0.082953 0.492839 0.366977 0.784577
1311868185.068440 -2.348620 -0.159266 0.650744 -0.083523 0.490489 0.367984 0.785517
1311868185.100898 -2.360310 -0.127467 0.615733 -0.085184 0.479050 0.369318 0.791747
1311868185.136538 -2.359840 -0.123206 0.612325 -0.085112 0.478362 0.370287 0.791718
1311868185.168559 -2.360280 -0.110991 0.598377 -0.085345 0.480118 0.368417 0.791503
1311868185.200754 -2.358140 -0.092821 0.571777 -0.079075 0.474115 0.371185 0.794474
1311868185.236390 -2.353370 -0.078464 0.560612 -0.084044 0.476390 0.369284 0.793488
1311868185.268543 -2.351160 -0.069939 0.553647 -0.089667 0.478496 0.370261 0.791147
1311868185.300484 -2.319510 -0.024541 0.518704 -0.088025 0.472380 0.382241 0.789307
1311868185.337903 -2.311050 -0.015972 0.506583 -0.090376 0.471754 0.365193 0.797446
1311868185.368510 -2.308880 -0.006372 0.489558 -0.083276 0.458220 0.366422 0.805506
1311868185.401199 -2.298730 0.009379 0.479464 -0.077793 0.444504 0.368979 0.812541
1311868185.436438 -2.289920 0.027608 0.471224 -0.078251 0.435799 0.371355 0.816123
1311868185.468575 -2.289330 0.031194 0.467896 -0.079411 0.434577 0.367547 0.818383
1311868185.500443 -2.282070 0.049473 0.454416 -0.084725 0.420487 0.361552 0.827827
1311868185.536414 -2.281110 0.069695 0.435360 -0.085215 0.404959 0.353538 0.838906
1311868185.568460 -2.284890 0.081465 0.414277 -0.082770 0.392995 0.350930 0.845906
1311868185.600364 -2.282410 0.101252 0.384336 -0.090417 0.388935 0.343406 0.850077
1311868185.636409 -2.283490 0.114363 0.356947 -0.090365 0.382844 0.339231 0.854513
1311868185.668624 -2.287360 0.119224 0.345541 -0.091091 0.380407 0.336670 0.856534
1311868185.701972 -2.296090 0.149002 0.302038 -0.107707 0.376612 0.318771 0.863106
1311868185.736700 -2.301920 0.157672 0.290578 -0.111629 0.374800 0.313347 0.865380
1311868185.768630 -2.303420 0.162246 0.288078 -0.112703 0.373323 0.311622 0.866501
1311868185.800441 -2.311980 0.174670 0.273928 -0.110657 0.368291 0.317600 0.866748
1311868185.836824 -2.316420 0.188676 0.259077 -0.107689 0.366467 0.320441 0.866849
1311868185.868447 -2.294240 0.182806 0.238541 -0.126237 0.367304 0.334627 0.858593
1311868185.900384 -2.286700 0.183800 0.239593 -0.126204 0.367532 0.332786 0.859215
1311868185.936471 -2.250700 0.149062 0.224398 -0.127128 0.372565 0.331192 0.857526
1311868185.968391 -2.229570 0.133367 0.218224 -0.123962 0.371681 0.337834 0.855780
1311868186.000413 -2.210470 0.113729 0.212318 -0.119605 0.371396 0.338710 0.856178
1311868186.036453 -2.196690 0.102338 0.207823 -0.114327 0.370264 0.342719 0.855794
1311868186.068672 -2.169970 0.084370 0.199595 -0.110804 0.370065 0.346381 0.854868
1311868186.103248 -2.154930 0.077052 0.192580 -0.108937 0.365554 0.346483 0.857005
1311868186.136633 -2.149770 0.072605 0.189380 -0.108290 0.363741 0.344532 0.858643
1311868186.168524 -2.112520 0.048828 0.165106 -0.109013 0.357813 0.316808 0.871621
1311868186.200391 -2.088060 0.036623 0.135499 -0.110893 0.338678 0.307835 0.882181
1311868186.237659 -2.075530 0.031553 0.110577 -0.112707 0.330626 0.293274 0.889932
1311868186.268650 -2.065110 0.033965 0.092872 -0.105992 0.314880 0.293632 0.896326
1311868186.300401 -2.058590 0.039220 0.082879 -0.102422 0.308912 0.280739 0.902925
1311868186.336402 -2.059970 0.036244 0.071035 -0.099711 0.301269 0.281689 0.905511
1311868186.368410 -2.047090 0.052663 0.071505 -0.095504 0.288472 0.276574 0.911687
1311868186.400544 -2.046270 0.054879 0.069097 -0.092475 0.292208 0.273507 0.911735
1311868186.436523 -2.034900 0.065043 0.049158 -0.084074 0.314280 0.272849 0.905383
1311868186.468526 -2.028100 0.075477 0.039864 -0.078287 0.314302 0.282341 0.902980
1311868186.500490 -2.023520 0.079808 0.036157 -0.077410 0.316758 0.277013 0.903847
1311868186.537052 -2.005760 0.094534 0.007473 -0.073640 0.305860 0.263145 0.912023
1311868186.568549 -2.000380 0.101370 -0.011048 -0.075064 0.304410 0.253922 0.915002
1311868186.600576 -1.985630 0.126585 -0.048585 -0.083356 0.271383 0.239706 0.928412
1311868186.636497 -1.968060 0.151488 -0.086941 -0.097152 0.263203 0.234083 0.930857
1311868186.668623 -1.962490 0.164227 -0.108984 -0.098739 0.245645 0.227968 0.936987
1311868186.702517 -1.958370 0.176414 -0.119618 -0.098343 0.235473 0.223610 0.940683
1311868186.736720 -1.954770 0.195451 -0.135850 -0.090165 0.228123 0.218923 0.944408
1311868186.768504 -1.947620 0.236171 -0.171058 -0.091865 0.204929 0.203527 0.952967
1311868186.800524 -1.941380 0.265309 -0.187741 -0.093365 0.214817 0.202701 0.950817
1311868186.836721 -1.941260 0.270591 -0.191358 -0.093168 0.216208 0.201081 0.950865
1311868186.869317 -1.913660 0.325785 -0.219646 -0.098479 0.222125 0.215093 0.945887
1311868186.900515 -1.899850 0.338229 -0.226435 -0.110741 0.226797 0.210512 0.944451
1311868186.936400 -1.870580 0.363869 -0.217804 -0.112876 0.236302 0.204957 0.943089
1311868186.968636 -1.834890 0.380880 -0.233135 -0.098670 0.217791 0.200642 0.950041
1311868187.000505 -1.825010 0.385384 -0.241553 -0.095605 0.213705 0.197594 0.951919
1311868187.036707 -1.818800 0.390446 -0.242764 -0.091943 0.211300 0.198395 0.952650
1311868187.068458 -1.786570 0.424502 -0.270614 -0.086868 0.206675 0.206450 0.952429
1311868187.101696 -1.777250 0.434418 -0.280400 -0.085597 0.202862 0.216306 0.951176
1311868187.136587 -1.767810 0.445549 -0.289110 -0.085416 0.193277 0.221144 0.952075
1311868187.169000 -1.750060 0.467414 -0.307408 -0.093916 0.184096 0.218482 0.953708
1311868187.201269 -1.728240 0.501162 -0.344519 -0.111617 0.163975 0.202364 0.959013
1311868187.236433 -1.725370 0.504949 -0.352280 -0.112595 0.164265 0.203115 0.958691
1311868187.268822 -1.719900 0.529440 -0.403839 -0.120907 0.161374 0.198307 0.959176
1311868187.300515 -1.719620 0.533395 -0.408867 -0.122857 0.162362 0.198674 0.958685
1311868187.336611 -1.719160 0.567935 -0.456149 -0.132462 0.167483 0.203726 0.955460
1311868187.368415 -1.716130 0.581362 -0.477539 -0.134116 0.173107 0.202413 0.954505
1311868187.400493 -1.711550 0.587853 -0.487054 -0.133097 0.175696 0.204145 0.953806
1311868187.436706 -1.711880 0.591247 -0.494003 -0.132734 0.179986 0.204341 0.953014
1311868187.468568 -1.708340 0.593737 -0.496378 -0.132806 0.181971 0.206292 0.952206
1311868187.500548 -1.665960 0.582768 -0.501669 -0.132521 0.182726 0.210710 0.951133
1311868187.537564 -1.636480 0.571169 -0.490612 -0.133784 0.183299 0.202162 0.952700
1311868187.568523 -1.634060 0.569344 -0.487870 -0.131963 0.183914 0.201865 0.952899
1311868187.600502 -1.558560 0.536500 -0.467102 -0.125812 0.174416 0.200390 0.955823
1311868187.636477 -1.554340 0.535833 -0.463502 -0.124934 0.176648 0.196901 0.956254
1311868187.668730 -1.513600 0.516076 -0.445885 -0.121885 0.177652 0.194952 0.956860
1311868187.700555 -1.455330 0.494952 -0.430317 -0.118692 0.157061 0.197984 0.960235
1311868187.736522 -1.410970 0.487053 -0.415750 -0.124908 0.149375 0.188767 0.962526
1311868187.768746 -1.361580 0.479907 -0.404539 -0.128038 0.129818 0.180553 0.966519
1311868187.800538 -1.335520 0.470517 -0.401049 -0.132791 0.127506 0.163055 0.969291
1311868187.837466 -1.302570 0.460370 -0.407657 -0.141469 0.119405 0.149572 0.971268
1311868187.868577 -1.291710 0.457112 -0.410733 -0.143842 0.112377 0.149334 0.971794
1311868187.900542 -1.211350 0.436387 -0.406235 -0.149901 0.115081 0.148800 0.970643
1311868187.936595 -1.184370 0.431715 -0.401612 -0.155215 0.115472 0.147097 0.970021
1311868187.968459 -1.172190 0.430022 -0.395930 -0.154037 0.118769 0.147440 0.969759
1311868188.000735 -1.149310 0.418015 -0.388773 -0.149452 0.118247 0.146418 0.970694
1311868188.036686 -1.145370 0.414427 -0.386338 -0.148120 0.118380 0.146534 0.970865
1311868188.068520 -1.111600 0.390212 -0.362507 -0.133257 0.126294 0.142302 0.972649
1311868188.100428 -1.084600 0.361387 -0.328131 -0.135174 0.125359 0.142329 0.972502
1311868188.136705 -1.080140 0.355076 -0.322811 -0.133786 0.127497 0.142727 0.972357
1311868188.169752 -1.054370 0.312467 -0.285180 -0.122118 0.139104 0.138745 0.972878
1311868188.200610 -1.041180 0.283123 -0.257133 -0.116912 0.133225 0.141273 0.973976
1311868188.236529 -1.038750 0.277752 -0.253703 -0.114678 0.132258 0.143406 0.974061
1311868188.268577 -1.029620 0.256999 -0.238446 -0.108862 0.131910 0.141112 0.975110
1311868188.300900 -1.028360 0.251375 -0.234774 -0.107807 0.131656 0.139877 0.975440
1311868188.336811 -1.012860 0.217983 -0.216417 -0.105096 0.119222 0.143616 0.976790
1311868188.368537 -1.010600 0.196261 -0.208319 -0.094536 0.120264 0.139107 0.978393
1311868188.400512 -1.007960 0.184088 -0.205978 -0.090094 0.123055 0.133593 0.979233
1311868188.437067 -1.004950 0.207992 -0.216820 -0.086798 0.119075 0.115931 0.982268
1311868188.468574 -1.003930 0.211897 -0.219414 -0.087721 0.119485 0.115563 0.982180
1311868188.502489 -1.002150 0.215505 -0.221144 -0.088574 0.120256 0.116903 0.981851
1311868188.537539 -0.965769 0.255686 -0.262040 -0.088445 0.112649 0.118953 0.982518
1311868188.568686 -0.944176 0.273595 -0.285612 -0.089755 0.113055 0.112815 0.983076
1311868188.601444 -0.939684 0.278364 -0.291574 -0.090479 0.111769 0.113010 0.983135
1311868188.637504 -0.926818 0.285069 -0.302816 -0.092567 0.109113 0.110897 0.983479
1311868188.668666 -0.897879 0.298131 -0.329812 -0.090069 0.106846 0.104701 0.984639
1311868188.703460 -0.891786 0.300839 -0.336379 -0.089869 0.105349 0.103177 0.984979
1311868188.736639 -0.862784 0.316247 -0.368124 -0.089119 0.099192 0.089146 0.987054
1311868188.768663 -0.842614 0.333178 -0.391360 -0.088945 0.097844 0.072893 0.988537
1311868188.800670 -0.823390 0.352732 -0.411715 -0.092041 0.091939 0.068875 0.989109
1311868188.836521 -0.806834 0.364252 -0.423150 -0.095797 0.084547 0.072821 0.989129
1311868188.868469 -0.782438 0.383062 -0.442524 -0.099502 0.077130 0.075877 0.989139
1311868188.900697 -0.754096 0.404316 -0.461531 -0.107141 0.077448 0.076476 0.988270
1311868188.936521 -0.747817 0.410253 -0.466083 -0.108887 0.076729 0.078124 0.988007
1311868188.968696 -0.722136 0.428411 -0.479694 -0.114455 0.075061 0.082853 0.987120
1311868189.000574 -0.681992 0.448522 -0.491589 -0.115502 0.073751 0.089266 0.986537
1311868189.036870 -0.668960 0.456160 -0.494450 -0.117624 0.075468 0.093082 0.985804
1311868189.068620 -0.625681 0.469608 -0.493661 -0.125811 0.083647 0.088606 0.984545
1311868189.100649 -0.600828 0.474246 -0.493904 -0.128826 0.085002 0.091185 0.983803
1311868189.136620 -0.581974 0.476423 -0.489877 -0.130867 0.084030 0.090679 0.983664
1311868189.168589 -0.529258 0.487011 -0.487995 -0.119103 0.072281 0.093581 0.985818
1311868189.201174 -0.499017 0.495866 -0.488345 -0.120444 0.069013 0.096586 0.985599
1311868189.238292 -0.476294 0.503348 -0.488737 -0.121421 0.065141 0.094174 0.985976
1311868189.268669 -0.469167 0.505807 -0.488622 -0.121009 0.064300 0.090997 0.986380
1311868189.302276 -0.430357 0.521626 -0.495452 -0.120081 0.050562 0.081019 0.988162
1311868189.337870 -0.403848 0.530436 -0.502405 -0.122980 0.034309 0.079177 0.988653
1311868189.368446 -0.394325 0.532719 -0.506102 -0.124230 0.029849 0.078306 0.988711
1311868189.400547 -0.385018 0.535517 -0.509294 -0.125969 0.025844 0.075867 0.988793
1311868189.436651 -0.366379 0.540577 -0.514437 -0.129240 0.018288 0.066632 0.989205
1311868189.468797 -0.284919 0.570242 -0.543447 -0.148081 -0.017439 0.044303 0.987831
1311868189.500573 -0.260708 0.582317 -0.550619 -0.152487 -0.026357 0.042048 0.987061
1311868189.536633 -0.253943 0.585987 -0.553779 -0.153811 -0.027172 0.042031 0.986834
1311868189.568724 -0.195269 0.614410 -0.575249 -0.158422 -0.043462 0.041800 0.985531
1311868189.601920 -0.188900 0.613548 -0.576743 -0.159313 -0.045263 0.041130 0.985334
1311868189.636729 -0.180466 0.620254 -0.583045 -0.158254 -0.046546 0.040631 0.985466
1311868189.668663 -0.172664 0.626029 -0.587112 -0.158176 -0.048024 0.040587 0.985409
1311868189.704376 -0.158699 0.630412 -0.588704 -0.155988 -0.048219 0.041726 0.985701
1311868189.736593 -0.143454 0.633016 -0.593197 -0.153070 -0.051104 0.044866 0.985875
1311868189.768868 -0.104081 0.637997 -0.585430 -0.156278 -0.049731 0.038978 0.985692
1311868189.802939 -0.072579 0.637393 -0.574621 -0.156780 -0.050423 0.041575 0.985471
1311868189.836562 -0.030912 0.629406 -0.559647 -0.157573 -0.057184 0.031723 0.985342
1311868189.868685 -0.013439 0.623104 -0.555103 -0.155611 -0.058683 0.027510 0.985692
1311868189.902037 -0.004903 0.620164 -0.553884 -0.156225 -0.060096 0.026679 0.985533
1311868189.936714 0.019603 0.614532 -0.541523 -0.155713 -0.061100 0.019594 0.985718
1311868189.968616 0.036027 0.610793 -0.536790 -0.150063 -0.061431 0.014783 0.986658
1311868190.002005 0.059422 0.603019 -0.530251 -0.143889 -0.065156 0.017144 0.987300
1311868190.036745 0.105510 0.588332 -0.518905 -0.132362 -0.068874 0.022460 0.988553
1311868190.068604 0.125883 0.582615 -0.509315 -0.129042 -0.073326 0.019610 0.988732
1311868190.104099 0.152368 0.572825 -0.501136 -0.126491 -0.087724 0.008343 0.988048
1311868190.136685 0.173272 0.565008 -0.489717 -0.124474 -0.093067 0.001515 0.987850
1311868190.168751 0.180428 0.562649 -0.489703 -0.123136 -0.097160 -0.000738 0.987624
1311868190.202446 0.194696 0.555720 -0.485116 -0.121276 -0.106161 -0.009347 0.986883
1311868190.236836 0.209812 0.547930 -0.482485 -0.120653 -0.111964 -0.015674 0.986238
1311868190.268616 0.234350 0.536488 -0.479788 -0.126383 -0.119099 -0.025396 0.984481
1311868190.302512 0.272480 0.514154 -0.466430 -0.134661 -0.134473 -0.040010 0.980911
1311868190.336668 0.281265 0.508961 -0.464788 -0.134503 -0.137963 -0.042294 0.980352
1311868190.369230 0.305189 0.495138 -0.459854 -0.129375 -0.146748 -0.052525 0.979272
1311868190.401976 0.339267 0.472740 -0.452296 -0.126350 -0.164877 -0.061350 0.976264
1311868190.436649 0.345650 0.467470 -0.452826 -0.124761 -0.166468 -0.064737 0.975980
1311868190.468862 0.359922 0.447806 -0.447232 -0.119332 -0.167170 -0.080311 0.975381
1311868190.503067 0.374612 0.403254 -0.419444 -0.140240 -0.211519 -0.088479 0.963207
1311868190.536577 0.376901 0.395256 -0.413265 -0.143129 -0.214806 -0.090181 0.961896
1311868190.568647 0.386045 0.366977 -0.387928 -0.147910 -0.206121 -0.099355 0.962169
1311868190.604416 0.385716 0.360355 -0.380134 -0.150174 -0.205736 -0.099636 0.961872
1311868190.636584 0.387619 0.325075 -0.355011 -0.147619 -0.205599 -0.111405 0.961005
1311868190.668720 0.387294 0.300432 -0.337808 -0.137966 -0.199680 -0.114687 0.963299
1311868190.708899 0.388566 0.294368 -0.334344 -0.136172 -0.200127 -0.111139 0.963877
1311868190.736730 0.396231 0.257251 -0.306950 -0.133634 -0.217992 -0.091788 0.962393
1311868190.771375 0.405688 0.233713 -0.288723 -0.129815 -0.222556 -0.096339 0.961426
1311868190.802394 0.412436 0.212743 -0.265804 -0.123076 -0.228480 -0.104213 0.960101
1311868190.836629 0.422406 0.187743 -0.230424 -0.114081 -0.237614 -0.117745 0.957427
1311868190.870368 0.439048 0.176722 -0.211649 -0.105544 -0.247880 -0.122631 0.955187
1311868190.902257 0.458343 0.155302 -0.184779 -0.103147 -0.257383 -0.135004 0.951259
1311868190.936594 0.494394 0.143190 -0.154018 -0.087035 -0.254381 -0.155595 0.950532
1311868190.970309 0.505363 0.140157 -0.140608 -0.089613 -0.256043 -0.154744 0.949984
1311868191.004252 0.522039 0.133245 -0.129656 -0.087705 -0.265154 -0.154084 0.947768
1311868191.036646 0.528827 0.129418 -0.127073 -0.085052 -0.267073 -0.156504 0.947074
1311868191.074967 0.535401 0.130127 -0.125418 -0.082349 -0.267185 -0.157228 0.947162
1311868191.102905 0.539739 0.135956 -0.122409 -0.079954 -0.266846 -0.152183 0.948286
1311868191.136667 0.543738 0.135969 -0.119204 -0.082258 -0.271785 -0.151387 0.946812
1311868191.170379 0.547032 0.149167 -0.117220 -0.090101 -0.268236 -0.150297 0.947284
1311868191.204730 0.542730 0.151886 -0.117474 -0.093769 -0.268963 -0.148428 0.947017
1311868191.236855 0.529691 0.156087 -0.123359 -0.096192 -0.275156 -0.146773 0.945251
1311868191.270521 0.512962 0.164873 -0.131348 -0.094378 -0.277309 -0.145144 0.945056
1311868191.305138 0.510182 0.165876 -0.132424 -0.094988 -0.280165 -0.145178 0.944147
1311868191.336788 0.502720 0.165787 -0.133306 -0.097517 -0.284012 -0.148382 0.942239
1311868191.370175 0.499076 0.166111 -0.134181 -0.098183 -0.284014 -0.147852 0.942253
1311868191.408020 0.488025 0.168366 -0.137008 -0.101015 -0.289349 -0.149234 0.940110
1311868191.436687 0.481252 0.170034 -0.141747 -0.100279 -0.290554 -0.150246 0.939656
1311868191.470045 0.479956 0.169809 -0.142999 -0.099128 -0.290023 -0.154567 0.939241
1311868191.505579 0.473641 0.172819 -0.146710 -0.098940 -0.290828 -0.154277 0.939060
1311868191.536752 0.474022 0.169598 -0.144768 -0.101347 -0.293021 -0.153473 0.938253
1311868191.570203 0.474132 0.168688 -0.145465 -0.100554 -0.294377 -0.152761 0.938030
1311868191.604658 0.472882 0.169127 -0.145197 -0.101710 -0.292643 -0.153646 0.938303
1311868191.636913 0.471024 0.170890 -0.145773 -0.102627 -0.292854 -0.155231 0.937877
1311868191.670782 0.470751 0.171637 -0.144369 -0.105118 -0.292513 -0.157023 0.937409
1311868191.705077 0.469154 0.171383 -0.143879 -0.106361 -0.294042 -0.157356 0.936734
1311868191.736754 0.470358 0.169922 -0.144221 -0.105921 -0.293931 -0.156780 0.936915
1311868191.771559 0.471139 0.170128 -0.145009 -0.105757 -0.293637 -0.156489 0.937075
1311868191.804765 0.471469 0.169223 -0.145019 -0.105755 -0.293136 -0.157169 0.937118
1311868191.836740 0.472544 0.169722 -0.146310 -0.105129 -0.291563 -0.155655 0.937932
1311868191.872176 0.470558 0.169171 -0.145775 -0.105964 -0.291795 -0.155673 0.937762
1311868191.904702 0.471559 0.167436 -0.145820 -0.106069 -0.292243 -0.155166 0.937695
1311868191.936673 0.470852 0.166542 -0.146213 -0.106471 -0.291538 -0.154570 0.937967
1311868191.970293 0.471266 0.165175 -0.146280 -0.106420 -0.291456 -0.154192 0.938061
1311868192.005218 0.471987 0.164457 -0.146874 -0.106131 -0.291139 -0.152368 0.938490
1311868192.038266 0.472724 0.163704 -0.147205 -0.105597 -0.291052 -0.152309 0.938587
1311868192.070578 0.472382 0.164498 -0.147633 -0.105864 -0.290862 -0.152048 0.938658
1311868192.105561 0.472265 0.164239 -0.147738 -0.106362 -0.290954 -0.152000 0.938581
1311868192.139401 0.472105 0.164030 -0.148160 -0.106195 -0.291195 -0.152050 0.938517
1311868192.173682 0.472961 0.164584 -0.148494 -0.106649 -0.291793 -0.151616 0.938350
1311868192.204710 0.472876 0.164048 -0.148256 -0.107043 -0.291736 -0.151409 0.938356
1311868192.240525 0.473069 0.163856 -0.148246 -0.106850 -0.291542 -0.151715 0.938389
1311868192.271675 0.472993 0.164515 -0.148905 -0.106486 -0.291573 -0.152068 0.938364
