1311868164.363181 0.000000 0.000000 0.000000 0.000000 0.000000 0.000000 1.000000
1311868164.399026 0.001107 0.001545 -0.003077 -0.002061 -0.002636 -0.001475 0.999993
1311868164.430940 0.004756 0.003317 -0.005724 -0.004097 -0.003727 -0.004042 0.999977
1311868164.463055 0.021021 0.004665 -0.022573 -0.001567 0.003413 -0.013875 0.999897
1311868164.499130 0.070462 -0.002802 -0.041847 0.012645 -0.003049 -0.013611 0.999823
1311868164.531025 0.078009 -0.000044 -0.045748 0.015993 -0.002533 -0.015291 0.999752
1311868164.563004 0.129847 0.000683 -0.055711 0.012901 -0.019665 -0.020995 0.999503
1311868164.599061 0.176149 0.007399 -0.071792 0.018803 -0.029853 -0.029788 0.998933
1311868164.631140 0.209197 0.016302 -0.079630 0.012243 -0.042919 -0.033459 0.998443
1311868164.663105 0.222549 0.016367 -0.079227 0.010592 -0.047305 -0.033679 0.998256
1311868164.698987 0.250726 0.031275 -0.084638 0.006171 -0.051691 -0.033386 0.998086
1311868164.731046 0.283691 0.034184 -0.083988 -0.007050 -0.057164 -0.028897 0.997922
1311868164.763098 0.306065 0.045837 -0.105625 -0.000735 -0.047088 -0.033746 0.998320
1311868164.799138 0.312893 0.053046 -0.125679 -0.008755 -0.034748 -0.032898 0.998816
1311868164.831006 0.309643 0.075460 -0.156267 -0.011294 -0.016765 -0.023332 0.999523
1311868164.863058 0.305121 0.110012 -0.190592 -0.030028 -0.006063 -0.022620 0.999275
1311868164.899132 0.309909 0.132509 -0.203853 -0.047420 -0.000930 -0.018844 0.998697
1311868164.930933 0.319789 0.146011 -0.218211 -0.051423 0.010141 -0.022756 0.998366
1311868164.963119 0.338742 0.151495 -0.232559 -0.048388 0.008287 -0.019757 0.998599
1311868164.999037 0.358590 0.153975 -0.241159 -0.044113 0.003991 -0.018302 0.998851
1311868165.031122 0.394669 0.153815 -0.250628 -0.038508 -0.006183 -0.024834 0.998931
1311868165.063108 0.454059 0.152886 -0.256232 -0.035535 -0.025562 -0.038538 0.998298
1311868165.099162 0.547561 0.145703 -0.260554 -0.030434 -0.058819 -0.058843 0.996068
1311868165.131014 0.573116 0.144781 -0.260313 -0.031919 -0.065746 -0.058457 0.995611
1311868165.163146 0.612999 0.140296 -0.260278 -0.031382 -0.074990 -0.061208 0.994809
1311868165.199145 0.634441 0.135424 -0.251007 -0.039268 -0.078657 -0.062924 0.994139
1311868165.231193 0.642102 0.133742 -0.243046 -0.037945 -0.077679 -0.059681 0.994467
1311868165.263005 0.648798 0.129968 -0.242423 -0.034919 -0.079396 -0.054877 0.994719
1311868165.299103 0.652290 0.128011 -0.241319 -0.035152 -0.079837 -0.052556 0.994801
1311868165.331226 0.663428 0.114275 -0.216821 -0.031801 -0.080553 -0.054469 0.994753
1311868165.363060 0.662669 0.101828 -0.194148 -0.037513 -0.083271 -0.058953 0.994074
1311868165.399160 0.660280 0.091010 -0.179214 -0.037314 -0.085904 -0.060805 0.993746
1311868165.430962 0.651886 0.064735 -0.148195 -0.019928 -0.092060 -0.063106 0.993552
1311868165.463114 0.651904 0.052021 -0.126280 -0.017223 -0.094354 -0.063106 0.993387
1311868165.499179 0.653688 0.040454 -0.105358 -0.019950 -0.103262 -0.062033 0.992518
1311868165.531124 0.655227 0.036924 -0.101099 -0.018832 -0.105516 -0.064546 0.992142
1311868165.563054 0.659609 0.024578 -0.085712 -0.012141 -0.113923 -0.071823 0.990816
1311868165.599188 0.665338 0.013762 -0.075480 -0.008394 -0.122475 -0.073996 0.989674
1311868165.631159 0.678094 -0.008773 -0.052910 0.001266 -0.143617 -0.083274 0.986123
1311868165.663251 0.699237 -0.045177 -0.020507 0.012811 -0.176112 -0.101688 0.979020
1311868165.699187 0.718590 -0.078801 0.001903 0.023908 -0.204132 -0.118246 0.971482
1311868165.731234 0.724844 -0.088957 0.006611 0.026507 -0.208738 -0.122704 0.969881
1311868165.763100 0.737039 -0.109309 0.019627 0.038194 -0.217905 -0.133864 0.965991
1311868165.799107 0.782616 -0.146797 0.047940 0.046439 -0.246085 -0.138268 0.958211
1311868165.831186 0.799349 -0.161892 0.055584 0.047044 -0.245517 -0.131294 0.959307
1311868165.863220 0.838805 -0.174135 0.047415 0.052132 -0.254087 -0.115399 0.958856
1311868165.899162 0.864528 -0.169134 0.033751 0.050207 -0.254780 -0.113683 0.958980
1311868165.931154 0.870166 -0.164504 0.028637 0.050229 -0.253852 -0.115665 0.958988
1311868165.963154 0.899355 -0.145266 0.005841 0.046119 -0.257238 -0.127123 0.956839
1311868165.999133 0.957572 -0.130961 -0.021666 0.031751 -0.261242 -0.124719 0.956656
1311868166.031204 0.993926 -0.126398 -0.033481 0.036448 -0.261824 -0.127423 0.955973
1311868166.063111 1.007840 -0.127433 -0.032792 0.032603 -0.268764 -0.129228 0.953941
1311868166.099206 1.015180 -0.128490 -0.032570 0.031652 -0.270767 -0.129663 0.953347
1311868166.131254 1.062310 -0.122709 -0.025783 0.030923 -0.283408 -0.141913 0.947937
1311868166.163189 1.087830 -0.121548 -0.021575 0.031157 -0.291260 -0.149694 0.944346
1311868166.199211 1.095800 -0.122367 -0.019574 0.029797 -0.294520 -0.152898 0.942864
1311868166.231050 1.153030 -0.122471 -0.002219 0.026963 -0.306575 -0.166921 0.936708
1311868166.263177 1.199990 -0.118435 0.018332 0.018994 -0.311229 -0.177345 0.933448
1311868166.299209 1.223370 -0.117109 0.032620 0.011130 -0.314988 -0.181514 0.931511
1311868166.331189 1.243560 -0.116012 0.046429 0.006057 -0.315409 -0.184781 0.930772
1311868166.363122 1.283840 -0.114303 0.071524 -0.008735 -0.318007 -0.188885 0.929042
1311868166.399232 1.316150 -0.105248 0.110926 -0.031877 -0.305597 -0.205045 0.929275
1311868166.431171 1.472210 -0.219558 0.056022 -0.037597 -0.315571 -0.221336 0.921961
1311868166.463018 1.474190 -0.231155 0.079236 -0.038871 -0.311709 -0.224753 0.922395
1311868166.499195 1.469420 -0.254777 0.113305 -0.034705 -0.311001 -0.235568 0.920099
1311868166.531252 1.475720 -0.271618 0.132862 -0.033978 -0.315060 -0.228196 0.920603
1311868166.563132 1.479670 -0.282043 0.142673 -0.032337 -0.316582 -0.228048 0.920177
1311868166.599207 1.483820 -0.285185 0.147752 -0.031191 -0.317509 -0.225838 0.920442
1311868166.631287 1.499690 -0.312220 0.196150 -0.033276 -0.334358 -0.227133 0.914061
1311868166.663284 1.512740 -0.336211 0.215775 -0.024868 -0.354805 -0.236687 0.904143
1311868166.699270 1.517410 -0.343222 0.220287 -0.021282 -0.359681 -0.241654 0.900989
1311868166.731105 1.539900 -0.368202 0.239997 -0.007982 -0.379518 -0.257444 0.888609
1311868166.763333 1.563560 -0.396512 0.266006 -0.003303 -0.392899 -0.264323 0.880769
1311868166.799225 1.570000 -0.400257 0.273002 -0.000938 -0.395269 -0.265576 0.879336
1311868166.831229 1.603980 -0.425446 0.309019 0.003998 -0.412185 -0.274047 0.868900
1311868166.863222 1.612280 -0.430140 0.318765 0.004617 -0.419924 -0.275730 0.864648
1311868166.899308 1.617700 -0.437831 0.327071 0.003824 -0.425357 -0.274849 0.862273
1311868166.931160 1.620090 -0.441759 0.332034 0.003472 -0.427497 -0.273120 0.861766
1311868166.963312 1.618310 -0.479020 0.357308 0.014901 -0.439011 -0.262165 0.859254
1311868166.999289 1.609780 -0.501721 0.368758 0.027353 -0.438117 -0.255720 0.861344
1311868167.031127 1.578170 -0.540242 0.376438 0.045083 -0.439223 -0.256145 0.859908
1311868167.063209 1.557930 -0.569693 0.396883 0.083258 -0.454958 -0.230589 0.856102
1311868167.099303 1.554620 -0.577987 0.403073 0.082784 -0.459127 -0.226311 0.855063
1311868167.163230 1.541590 -0.605463 0.428881 0.095844 -0.469257 -0.206535 0.853203
1311868167.199258 1.548560 -0.720744 0.438384 0.090266 -0.483186 -0.220135 0.842570
1311868167.231267 1.549730 -0.746190 0.459126 0.095984 -0.496153 -0.221364 0.834037
1311868167.263251 1.552140 -0.753018 0.466779 0.097278 -0.500282 -0.221826 0.831293
1311868167.299141 1.581220 -0.795954 0.522342 0.102346 -0.531090 -0.242871 0.805284
1311868167.331145 1.604020 -0.819219 0.563137 0.098431 -0.544247 -0.254965 0.793158
1311868167.363275 1.608830 -0.826274 0.574340 0.096108 -0.546533 -0.258098 0.790855
1311868167.399226 1.639500 -0.850250 0.650543 0.074399 -0.551643 -0.273879 0.784312
1311868167.431237 1.654330 -0.873512 0.707795 0.061147 -0.557795 -0.279829 0.778988
1311868167.463303 1.655320 -0.886160 0.732348 0.056871 -0.557356 -0.279715 0.779667
1311868167.499121 1.647510 -0.837273 0.779177 0.066593 -0.555594 -0.269712 0.783669
1311868167.531321 1.638280 -0.845804 0.792006 0.070719 -0.551643 -0.273579 0.784757
1311868167.563160 1.633050 -0.849408 0.797452 0.072319 -0.549825 -0.275398 0.785251
1311868167.599230 1.623790 -0.854136 0.808112 0.070210 -0.548979 -0.276901 0.785506
1311868167.631495 1.606620 -0.876365 0.837982 0.072254 -0.549963 -0.280532 0.783340
1311868167.663360 1.592090 -0.886204 0.891299 0.056928 -0.547049 -0.290430 0.783037
1311868167.699226 1.589320 -0.891149 0.913915 0.049949 -0.551475 -0.294526 0.778868
1311868167.731241 1.598750 -0.900360 0.946265 0.048231 -0.567290 -0.303149 0.764171
1311868167.763281 1.618980 -0.903467 0.990184 0.044475 -0.590716 -0.317918 0.740274
1311868167.799224 1.622110 -0.908292 0.999805 0.044477 -0.595319 -0.322706 0.734492
1311868167.863098 1.655010 -0.921500 1.053150 0.054123 -0.604797 -0.337165 0.719453
1311868167.899376 1.658480 -0.923260 1.059260 0.049654 -0.608062 -0.339212 0.716053
1311868167.931184 1.671200 -0.928659 1.075560 0.037669 -0.617968 -0.340298 0.707739
1311868167.999325 1.713830 -0.931116 1.092400 0.027125 -0.629662 -0.338962 0.698495
1311868168.031266 1.749050 -0.928185 1.092990 0.023280 -0.631640 -0.337291 0.697656
1311868168.063183 1.756750 -0.929452 1.092130 0.021184 -0.631478 -0.337495 0.697772
1311868168.099296 1.845160 -0.923387 1.082810 0.014233 -0.628992 -0.339252 0.699340
1311868168.131162 1.893600 -0.919671 1.084190 0.012502 -0.620632 -0.342496 0.705236
1311868168.163282 1.901860 -0.917391 1.083000 0.006579 -0.619158 -0.342170 0.706768
1311868168.199247 1.965800 -0.915212 1.104700 -0.006162 -0.607288 -0.350805 0.712812
1311868168.263256 1.988300 -0.918278 1.117800 -0.007810 -0.602518 -0.353096 0.715706
1311868168.299606 1.995320 -0.918877 1.120250 -0.007852 -0.600751 -0.353782 0.716851
1311868168.331222 2.002980 -0.919376 1.123710 -0.008492 -0.599898 -0.353772 0.717563
1311868168.363180 2.047120 -0.933330 1.156430 -0.008982 -0.608491 -0.362083 0.706085
1311868168.399360 2.091670 -0.957960 1.209190 -0.019400 -0.621009 -0.368501 0.691505
1311868168.431214 2.120530 -0.967998 1.244400 -0.027731 -0.629512 -0.373756 0.680627
1311868168.463333 2.132830 -0.971486 1.262450 -0.034666 -0.633635 -0.377316 0.674492
1311868168.499268 2.135520 -0.974395 1.268260 -0.036798 -0.634657 -0.379047 0.672444
1311868168.563319 2.144410 -0.979623 1.282530 -0.038522 -0.635636 -0.382073 0.669705
1311868168.599366 2.159210 -0.997117 1.317520 -0.038076 -0.634305 -0.378961 0.672753
1311868168.663320 2.159410 -0.998192 1.321520 -0.037552 -0.633303 -0.377589 0.674496
1311868168.699557 2.160680 -0.998056 1.324190 -0.036954 -0.632459 -0.375723 0.676360
1311868168.763305 2.157700 -1.013560 1.350140 -0.033757 -0.626381 -0.371977 0.684209
1311868168.799362 2.148650 -1.017400 1.358260 -0.033884 -0.623939 -0.375473 0.684524
1311868168.831176 2.144150 -1.017190 1.360470 -0.032439 -0.622818 -0.377030 0.684760
1311868168.899300 2.108000 -1.023690 1.376330 -0.033520 -0.618505 -0.379917 0.687017
1311868168.931215 2.101890 -1.022040 1.378870 -0.032406 -0.617988 -0.379745 0.687631
1311868168.963348 2.077000 -1.023930 1.383610 -0.035230 -0.617651 -0.376082 0.689804
1311868168.999373 1.982000 -1.045430 1.390970 -0.026536 -0.614699 -0.375212 0.693296
1311868169.031214 1.917850 -1.059010 1.399500 -0.026815 -0.615406 -0.368769 0.696109
1311868169.063354 1.904070 -1.059530 1.404980 -0.025243 -0.615108 -0.367360 0.697175
1311868169.099339 1.885870 -1.061800 1.410850 -0.027757 -0.613240 -0.365337 0.699783
1311868169.131247 1.874980 -1.062760 1.413540 -0.028242 -0.612793 -0.365354 0.700147
1311868169.199452 1.841910 -1.070550 1.420040 -0.024287 -0.614286 -0.363175 0.700121
1311868169.231354 1.709350 -1.143590 1.459610 0.008431 -0.664832 -0.354139 0.657658
1311868169.263274 1.602570 -1.222920 1.495570 0.032676 -0.693706 -0.373141 0.615200
1311868169.299529 1.577710 -1.236900 1.502620 0.037459 -0.698205 -0.380470 0.605269
1311868169.331297 1.524570 -1.264180 1.508810 0.044985 -0.713752 -0.389890 0.580105
1311868169.363470 1.500660 -1.272870 1.509330 0.025552 -0.726151 -0.388670 0.566559
1311868169.399437 1.472540 -1.284610 1.514070 0.010536 -0.734180 -0.388845 0.556480
1311868169.431440 1.446730 -1.293670 1.521990 0.000679 -0.737705 -0.386511 0.553535
1311868169.463229 1.424070 -1.299860 1.526360 -0.001177 -0.737198 -0.384851 0.555364
1311868169.499263 1.398170 -1.306330 1.521120 0.000490 -0.734457 -0.389290 0.555903
1311868169.531434 1.335920 -1.332260 1.517650 0.004889 -0.733387 -0.394261 0.553787
1311868169.563501 1.316220 -1.340970 1.511910 0.012441 -0.731907 -0.387434 0.560405
1311868169.599378 1.278600 -1.352120 1.511520 0.014457 -0.735922 -0.375564 0.563172
1311868169.631327 1.268430 -1.354950 1.515230 0.014413 -0.735877 -0.373822 0.564390
1311868169.663240 1.259600 -1.357700 1.516400 0.015156 -0.734722 -0.372640 0.566652
1311868169.699466 1.215330 -1.367540 1.520510 0.016213 -0.736290 -0.376150 0.562252
1311868169.731279 1.193980 -1.374790 1.525190 0.018153 -0.740198 -0.372139 0.559724
1311868169.763417 1.112110 -1.403620 1.552570 0.021032 -0.767710 -0.369093 0.523404
1311868169.799368 1.101530 -1.411210 1.554160 0.024642 -0.770966 -0.368467 0.518882
1311868169.831415 1.061570 -1.437970 1.567690 0.032074 -0.783374 -0.367403 0.500314
1311868169.863396 1.007530 -1.461100 1.582280 -0.043405 0.792589 0.374584 -0.479173
1311868169.899390 0.979520 -1.471390 1.586740 -0.040256 0.798149 0.372767 -0.471576
1311868169.931272 0.952980 -1.480260 1.590340 -0.045657 0.803496 0.363968 -0.468870
1311868169.963415 0.944271 -1.482530 1.593120 -0.046293 0.804624 0.361689 -0.468637
1311868169.999399 0.923472 -1.472200 1.589260 -0.069996 0.802342 0.343415 -0.483131
1311868170.031274 1.028590 -1.523310 1.387450 -0.133413 0.761885 0.422383 -0.472574
1311868170.063469 1.019100 -1.528880 1.396360 -0.129782 0.765390 0.427171 -0.463533
1311868170.099394 1.064950 -1.473250 1.412000 -0.143506 0.770057 0.424474 -0.454138
1311868170.131345 1.048090 -1.487000 1.448980 -0.129711 0.781037 0.443607 -0.419966
1311868170.163416 1.048610 -1.488560 1.453050 -0.125708 0.782245 0.445647 -0.416762
1311868170.199317 1.061280 -1.502160 1.483510 -0.118143 0.785844 0.455241 -0.401558
1311868170.231467 1.067200 -1.503180 1.487420 -0.116214 0.786307 0.456798 -0.399441
1311868170.263521 1.102950 -1.488740 1.503620 -0.116877 0.786683 0.457354 -0.397868
1311868170.299432 1.136280 -1.497880 1.520970 -0.116570 0.784220 0.457174 -0.402994
1311868170.331325 1.160300 -1.461600 1.538290 -0.110374 0.768552 0.476377 -0.412568
1311868170.363400 1.199210 -1.508040 1.605660 -0.106471 0.754879 0.484275 -0.429303
1311868170.399421 1.200790 -1.526200 1.633290 -0.109359 0.758593 0.487638 -0.418077
1311868170.431288 1.200300 -1.532010 1.641050 -0.109867 0.759698 0.488708 -0.414675
1311868170.463383 1.190440 -1.565780 1.702330 -0.100295 0.769347 0.497631 -0.387830
1311868170.499476 1.187780 -1.571070 1.713650 -0.096160 0.770352 0.500312 -0.383406
1311868170.531505 1.182220 -1.576270 1.727210 -0.092495 0.770981 0.503693 -0.378588
1311868170.563345 1.159500 -1.591010 1.798450 -0.095730 0.760044 0.532527 -0.359981
1311868170.599324 1.160850 -1.590860 1.810140 -0.090471 0.757416 0.538285 -0.358312
1311868170.631485 1.168160 -1.599380 1.826910 -0.075708 0.761220 0.541437 -0.348798
1311868170.663430 1.170840 -1.603520 1.833850 -0.071898 0.762205 0.541802 -0.346881
1311868170.699432 1.201630 -1.615390 1.865450 -0.062004 0.758726 0.548255 -0.346278
1311868170.731397 1.228180 -1.620190 1.884500 -0.058739 0.753991 0.553703 -0.348515
1311868170.763453 1.264230 -1.623700 1.902680 -0.042926 0.751284 0.557932 -0.349920
1311868170.799446 1.289110 -1.633980 1.927180 -0.027035 0.745001 0.565675 -0.352501
1311868170.831309 1.301580 -1.636010 1.932460 -0.033018 0.743513 0.565921 -0.354730
1311868170.863446 1.355740 -1.643140 1.954690 -0.037045 0.729885 0.576610 -0.365266
1311868170.899435 1.377460 -1.650720 1.971270 -0.039502 0.724957 0.581269 -0.367432
1311868170.931374 1.403930 -1.659300 1.983310 -0.038250 0.716977 0.587597 -0.373112
1311868170.963440 1.422190 -1.667110 1.992710 -0.038016 0.714568 0.590356 -0.373402
1311868170.999483 1.425000 -1.680060 2.015040 -0.031454 0.714227 0.592086 -0.371923
1311868171.031493 1.425530 -1.685090 2.022930 -0.031344 0.713439 0.592096 -0.373426
1311868171.063438 1.427220 -1.699970 2.042860 -0.034192 0.709783 0.591529 -0.380966
1311868171.099448 1.428790 -1.705190 2.050880 -0.034318 0.709311 0.591039 -0.382590
1311868171.131477 1.424710 -1.746930 2.093150 -0.035848 0.707370 0.590573 -0.386740
1311868171.163447 1.421710 -1.769940 2.114050 -0.032953 0.708435 0.590243 -0.385550
1311868171.199444 1.420490 -1.791730 2.135470 -0.036713 0.708128 0.588237 -0.388827
1311868171.231391 1.421490 -1.797510 2.142170 -0.038030 0.707893 0.587534 -0.390190
1311868171.263404 1.422190 -1.815690 2.160500 -0.037197 0.708746 0.585903 -0.391172
1311868171.299368 1.417790 -1.833730 2.180510 -0.038101 0.708935 0.583875 -0.393765
1311868171.331406 1.414210 -1.848210 2.193410 -0.040981 0.706770 0.583834 -0.397413
1311868171.363479 1.415630 -1.863210 2.205830 -0.041672 0.710138 0.580085 -0.396827
1311868171.399409 1.417670 -1.869700 2.212450 -0.039314 0.712161 0.578101 -0.396338
1311868171.463459 1.418120 -1.875370 2.223860 -0.038544 0.712067 0.578663 -0.395759
1311868171.499514 1.417150 -1.877380 2.232250 -0.035998 0.708116 0.582046 -0.398122
1311868171.531471 1.410040 -1.881270 2.239010 -0.034581 0.706938 0.584296 -0.397044
1311868171.563381 1.406520 -1.885210 2.243310 -0.034256 0.706777 0.584862 -0.396525
1311868171.599490 1.404700 -1.886390 2.244200 -0.034896 0.706906 0.585108 -0.395875
1311868171.631528 1.402300 -1.892520 2.246530 -0.036269 0.708420 0.583540 -0.395359
1311868171.663411 1.401140 -1.897110 2.248270 -0.038141 0.709384 0.582491 -0.395002
1311868171.699419 1.400570 -1.899180 2.249470 -0.038484 0.709729 0.581817 -0.395342
1311868171.731499 1.398010 -1.904000 2.251020 -0.040511 0.710386 0.581507 -0.394414
1311868171.763455 1.392070 -1.913790 2.255400 -0.044389 0.709994 0.582123 -0.393793
1311868171.799464 1.387500 -1.919560 2.255990 -0.046485 0.709269 0.581252 -0.396138
1311868171.831419 1.384360 -1.920860 2.256000 -0.044652 0.708950 0.581031 -0.397242
1311868171.899575 1.376210 -1.922900 2.255560 -0.043444 0.708720 0.580759 -0.398182
1311868171.931516 1.363900 -1.924940 2.253150 -0.043177 0.707767 0.580382 -0.400452
1311868171.999580 1.355020 -1.923740 2.251180 -0.043309 0.706339 0.580650 -0.402564
1311868172.031533 1.351800 -1.922540 2.249780 -0.044412 0.705587 0.580937 -0.403349
1311868172.063426 1.335450 -1.918390 2.241520 -0.045970 0.703747 0.581429 -0.405672
1311868172.099529 1.325840 -1.916460 2.236770 -0.045154 0.702173 0.581689 -0.408112
1311868172.131546 1.320590 -1.915610 2.233870 -0.045471 0.701106 0.581467 -0.410221
1311868172.163558 1.310910 -1.913840 2.224900 -0.047451 0.700380 0.580716 -0.412295
1311868172.199781 1.306250 -1.913360 2.220440 -0.049984 0.700779 0.580804 -0.411194
1311868172.263475 1.302000 -1.912950 2.216200 -0.051855 0.701123 0.580487 -0.410822
1311868172.299544 1.275590 -1.907060 2.189870 -0.053914 0.702774 0.574316 -0.416373
1311868172.363479 1.261650 -1.900840 2.173920 -0.053174 0.705931 0.574190 -0.411269
1311868172.399483 1.259390 -1.898640 2.169050 -0.053865 0.706713 0.573752 -0.410447
1311868172.463477 1.247080 -1.892470 2.155000 -0.053030 0.709005 0.572290 -0.408640
1311868172.499467 1.232470 -1.889630 2.135540 -0.055214 0.715296 0.568331 -0.402872
1311868172.563601 1.225880 -1.890940 2.128590 -0.054050 0.717481 0.568592 -0.398754
1311868172.599590 1.222250 -1.892160 2.125910 -0.054970 0.718716 0.569077 -0.395701
1311868172.631587 1.219380 -1.893560 2.122040 -0.056666 0.720080 0.569247 -0.392727
1311868172.663612 1.214940 -1.895710 2.112200 -0.055046 0.724071 0.569432 -0.385280
1311868172.699619 1.209370 -1.898240 2.107870 -0.044989 0.726633 0.574663 -0.373826
1311868172.763469 1.179950 -1.909570 2.096100 -0.041525 0.731015 0.582635 -0.352749
1311868172.799623 1.168280 -1.916060 2.089150 -0.045822 0.732685 0.585536 -0.343835
1311868172.863483 1.162520 -1.923970 2.083840 -0.054899 0.736403 0.584911 -0.335527
1311868172.899539 1.161460 -1.927290 2.081470 -0.058458 0.737696 0.584489 -0.332810
1311868172.931607 1.155680 -1.933690 2.074520 -0.062489 0.740409 0.583914 -0.327011
1311868172.963571 1.149500 -1.939670 2.068990 -0.064349 0.743785 0.581963 -0.322436
1311868172.999602 1.138280 -1.949600 2.062890 -0.069587 0.748501 0.577822 -0.317849
1311868173.067546 1.132660 -1.954950 2.058830 -0.072793 0.750720 0.573578 -0.319582
1311868173.099605 1.130130 -1.963490 2.051700 -0.072212 0.754456 0.570089 -0.317146
1311868173.131499 1.127040 -1.968610 2.048680 -0.070624 0.755245 0.570336 -0.315176
1311868173.167457 1.122510 -1.973700 2.045420 -0.069543 0.751615 0.575520 -0.314671
1311868173.199628 1.121230 -1.977840 2.038420 -0.068459 0.752021 0.576994 -0.311220
1311868173.231487 1.109190 -1.988400 2.026720 -0.067933 0.754794 0.574308 -0.309587
1311868173.267665 1.102690 -1.999120 2.016300 -0.070736 0.758485 0.567458 -0.312556
1311868173.299659 1.101820 -2.001830 2.014130 -0.072420 0.759407 0.565393 -0.313671
1311868173.331533 1.099770 -2.013000 2.002510 -0.074504 0.764221 0.557316 -0.315937
1311868173.367650 1.100950 -2.016790 2.001050 -0.069224 0.767063 0.555939 -0.312660
1311868173.399596 1.096240 -2.019670 2.000170 -0.066044 0.768231 0.556122 -0.310145
1311868173.431624 1.086990 -2.036510 2.005530 -0.067571 0.772883 0.548708 -0.311461
1311868173.467604 1.082010 -2.047150 2.014030 -0.068119 0.774222 0.546446 -0.311993
1311868173.531628 1.078950 -2.050750 2.017170 -0.069326 0.773963 0.546415 -0.312423
1311868173.567616 1.073960 -2.066870 2.030310 -0.076120 0.773478 0.543709 -0.316733
1311868173.631603 1.068050 -2.084290 2.052010 -0.076540 0.773848 0.541607 -0.319321
1311868173.667986 1.065460 -2.089470 2.057820 -0.077765 0.773312 0.541822 -0.319956
1311868173.699670 1.064800 -2.103780 2.082310 -0.084807 0.768900 0.542290 -0.327909
1311868173.731607 1.064650 -2.106700 2.089230 -0.083391 0.767691 0.543702 -0.328767
1311868173.767623 1.059240 -2.115550 2.117940 -0.081630 0.760846 0.553023 -0.329572
1311868173.799549 1.057220 -2.118010 2.124200 -0.082250 0.759060 0.554669 -0.330769
1311868173.831620 1.056710 -2.120450 2.130910 -0.083490 0.757633 0.555003 -0.333160
1311868173.867507 1.055950 -2.123060 2.137260 -0.085267 0.756205 0.554626 -0.336566
1311868173.931642 1.066860 -2.128120 2.155010 -0.089377 0.752867 0.550518 -0.349479
1311868173.967631 1.078340 -2.131970 2.173750 -0.080294 0.750099 0.554293 -0.351663
1311868173.999745 1.083070 -2.135060 2.184840 -0.076703 0.746896 0.557030 -0.354942
1311868174.031740 1.087170 -2.136540 2.190070 -0.076127 0.745070 0.557641 -0.357931
1311868174.067656 1.093720 -2.138370 2.199060 -0.075775 0.740900 0.558516 -0.365224
1311868174.099508 1.131960 -2.145420 2.229910 -0.063354 0.732163 0.555805 -0.388596
1311868174.131747 1.156780 -2.149700 2.265470 -0.040991 0.719508 0.559960 -0.408748
1311868174.167874 1.159140 -2.156440 2.283010 -0.040036 0.715198 0.559240 -0.417304
1311868174.231617 1.160690 -2.159590 2.288790 -0.039956 0.713231 0.559400 -0.420452
1311868174.267791 1.160810 -2.162090 2.292690 -0.040934 0.711489 0.559957 -0.422562
1311868174.299749 1.157060 -2.176210 2.310930 -0.041048 0.709956 0.558078 -0.427586
1311868174.331790 1.155960 -2.191640 2.329630 -0.043539 0.711986 0.558155 -0.423846
1311868174.367988 1.154390 -2.202290 2.343200 -0.044348 0.712550 0.560958 -0.419087
1311868174.399743 1.126060 -2.239780 2.395660 -0.047894 0.710663 0.585645 -0.386893
1311868174.431786 1.100910 -2.267360 2.437750 -0.043301 0.708360 0.597855 -0.372724
1311868174.467566 1.096070 -2.270700 2.444450 -0.040911 0.707693 0.599172 -0.372147
1311868174.499672 1.093170 -2.274770 2.450990 -0.039114 0.707216 0.600568 -0.370995
1311868174.531708 1.074460 -2.286130 2.482340 -0.035858 0.703867 0.608744 -0.364307
1311868174.567585 1.065080 -2.292130 2.498580 -0.025937 0.702512 0.609921 -0.365793
1311868174.599662 1.062220 -2.293730 2.503600 -0.023152 0.701280 0.611122 -0.366338
1311868174.631772 1.042800 -2.297600 2.520710 -0.025215 0.696629 0.612860 -0.372126
1311868174.667800 1.035590 -2.300310 2.525560 -0.024118 0.696421 0.613025 -0.372317
1311868174.699578 1.020690 -2.304360 2.535950 -0.023878 0.694908 0.610162 -0.379787
1311868174.731625 1.004810 -2.303970 2.542210 -0.018396 0.693461 0.612274 -0.379338
1311868174.767680 0.979908 -2.305830 2.545470 -0.021452 0.692806 0.613614 -0.378207
1311868174.799810 0.957579 -2.307040 2.544160 -0.024912 0.692031 0.618024 -0.372186
1311868174.831815 0.951741 -2.306930 2.543490 -0.023914 0.691693 0.619267 -0.370811
1311868174.867798 0.934457 -2.306380 2.540870 -0.021271 0.691374 0.623670 -0.364127
1311868174.899678 0.917775 -2.307290 2.538550 -0.025920 0.692960 0.626814 -0.355307
1311868174.931819 0.912340 -2.308180 2.538020 -0.025565 0.694076 0.626748 -0.353264
1311868174.967694 0.895799 -2.311310 2.537380 -0.025563 0.695669 0.627536 -0.348703
1311868174.999803 0.878261 -2.309570 2.537140 -0.026633 0.696025 0.627994 -0.347082
1311868175.031665 0.869224 -2.310510 2.537730 -0.023142 0.697547 0.627953 -0.344340
1311868175.067713 0.801916 -2.313270 2.541130 -0.010478 0.709257 0.633823 -0.308410
1311868175.099631 0.785376 -2.318120 2.544020 -0.009236 0.710828 0.637437 -0.297179
1311868175.131719 0.773170 -2.322950 2.545720 -0.012279 0.713129 0.639908 -0.286039
1311868175.167807 0.755092 -2.335100 2.550420 -0.014446 0.717539 0.640163 -0.274087
1311868175.199578 0.749341 -2.340340 2.552940 -0.012592 0.718313 0.641207 -0.269677
1311868175.231818 0.741942 -2.343700 2.555040 -0.010955 0.718606 0.642836 -0.265049
1311868175.267750 0.714479 -2.363170 2.564330 -0.020605 0.719567 0.647734 -0.249484
1311868175.299978 0.701917 -2.373040 2.571060 -0.019459 0.719795 0.649806 -0.243461
1311868175.331887 0.695299 -2.378130 2.574810 -0.019065 0.719698 0.651422 -0.239424
1311868175.367738 0.664095 -2.399320 2.594460 -0.018430 0.717885 0.658046 -0.226450
1311868175.400048 0.657891 -2.402810 2.598470 -0.017260 0.717491 0.659635 -0.223144
1311868175.431994 0.633895 -2.417970 2.615160 -0.020017 0.717087 0.661956 -0.217263
1311868175.467702 0.610025 -2.435550 2.633720 -0.015480 0.717969 0.662853 -0.211923
1311868175.499770 0.589262 -2.450140 2.650100 -0.010793 0.721023 0.661760 -0.205150
1311868175.531778 0.585345 -2.451250 2.651680 -0.010005 0.721468 0.661635 -0.204024
1311868175.567800 0.552840 -2.460270 2.659580 -0.007180 0.722823 0.659741 -0.205478
1311868175.599867 0.549461 -2.459160 2.659290 -0.007510 0.722651 0.659877 -0.205633
1311868175.631778 0.535766 -2.457750 2.659140 -0.007731 0.722843 0.659872 -0.204966
1311868175.667696 0.520849 -2.456220 2.657420 -0.010051 0.724707 0.658908 -0.201355
1311868175.699784 0.510832 -2.456140 2.657340 -0.008774 0.723314 0.661161 -0.199023
1311868175.731708 0.459574 -2.456350 2.665170 -0.015754 0.713645 0.677013 -0.179220
1311868175.767584 0.448568 -2.454200 2.666900 -0.016343 0.710966 0.681333 -0.173346
1311868175.799815 0.417326 -2.458250 2.670720 -0.015895 0.709760 0.683904 -0.168128
1311868175.831761 0.410875 -2.461350 2.671530 -0.017376 0.709223 0.684861 -0.166339
1311868175.867687 0.376115 -2.469580 2.674500 -0.023971 0.709227 0.684406 -0.167376
1311868175.899663 0.369495 -2.471680 2.673660 -0.024803 0.709753 0.684270 -0.165572
1311868175.931644 0.355951 -2.476040 2.671420 -0.030539 0.711598 0.682518 -0.163916
1311868175.967871 0.318215 -2.491920 2.655880 -0.034316 0.727693 0.668236 -0.150829
1311868175.999870 0.308384 -2.500840 2.608490 -0.016594 0.741954 0.658830 -0.123188
1311868176.032043 0.306725 -2.509440 2.591380 -0.024492 0.749693 0.651448 -0.113931
1311868176.067949 0.289094 -2.524590 2.541580 -0.020231 0.752947 0.652268 -0.084919
1311868176.099801 0.273761 -2.537880 2.521810 -0.018908 0.752326 0.654573 -0.072008
1311868176.131691 0.254910 -2.540460 2.496000 -0.020177 0.740592 0.669600 -0.052499
1311868176.167963 0.169806 -2.590050 2.402650 -0.021027 0.748397 0.662480 -0.024164
1311868176.199892 0.147195 -2.598570 2.381640 -0.017130 0.741112 0.671101 -0.009288
1311868176.231937 0.071956 -2.657980 2.299690 -0.020897 0.740971 0.671146 0.009649
1311868176.267779 0.050056 -2.696160 2.256920 -0.031385 0.761582 0.647311 -0.000059
1311868176.299834 0.033884 -2.723910 2.236140 -0.023309 0.788413 0.614707 -0.000600
1311868176.331871 0.032211 -2.727840 2.214100 -0.027972 0.795084 0.605812 -0.007376
1311868176.367752 0.030491 -2.728880 2.209480 -0.028936 0.796467 0.603941 -0.007850
1311868176.399921 0.020484 -2.738390 2.183550 -0.031315 0.808106 0.587837 -0.020885
1311868176.431678 0.023656 -2.736640 2.180980 -0.034384 0.808708 0.586724 -0.023828
1311868176.467865 0.029303 -2.722270 2.189150 -0.036107 0.806933 0.588955 -0.026271
1311868176.499760 0.021201 -2.707040 2.197750 -0.043012 0.800522 0.597526 -0.016759
1311868176.531915 0.023256 -2.693950 2.207090 -0.053571 0.797234 0.601130 -0.013935
1311868176.567758 0.009281 -2.682820 2.220280 -0.051801 0.793327 0.606589 -0.001646
1311868176.602124 -0.006633 -2.672750 2.239600 -0.051824 0.790956 0.609633 0.007397
1311868176.631719 -0.038303 -2.668080 2.264090 -0.056773 0.788015 0.612580 0.023634
1311868176.667782 -0.096059 -2.662840 2.293860 -0.039034 0.781780 0.621036 0.040191
1311868176.699787 -0.117499 -2.658880 2.307810 -0.041126 0.781281 0.621641 0.038421
1311868176.731819 -0.122908 -2.656560 2.313340 -0.041092 0.780899 0.622176 0.037537
1311868176.767814 -0.141645 -2.649930 2.328640 -0.041309 0.778786 0.624740 0.038611
1311868176.799720 -0.157134 -2.644270 2.338990 -0.044408 0.775842 0.628253 0.037403
1311868176.831887 -0.182681 -2.635180 2.362440 -0.049550 0.772844 0.631866 0.031725
1311868176.867790 -0.187402 -2.634260 2.367530 -0.049666 0.772377 0.632441 0.031468
1311868176.899837 -0.192340 -2.633740 2.372050 -0.050050 0.771700 0.633245 0.031285
1311868176.931762 -0.219250 -2.627460 2.410680 -0.063332 0.764600 0.640556 0.032686
1311868176.967856 -0.222141 -2.626500 2.417360 -0.063453 0.763896 0.641385 0.032643
1311868176.999907 -0.261255 -2.622450 2.452530 -0.056071 0.757911 0.648995 0.035163
1311868177.031966 -0.276122 -2.623420 2.466250 -0.051973 0.757565 0.649684 0.036195
1311868177.067892 -0.323107 -2.581720 2.511070 -0.045831 0.738822 0.671735 0.028584
1311868177.099730 -0.344780 -2.537750 2.531080 -0.047052 0.728343 0.683065 0.026990
1311868177.131895 -0.345592 -2.529800 2.531390 -0.046559 0.727470 0.684098 0.025174
1311868177.168091 -0.372095 -2.493120 2.536370 -0.035975 0.726237 0.686200 0.020482
1311868177.199869 -0.381813 -2.475760 2.534130 -0.031501 0.725871 0.686727 0.023005
1311868177.231903 -0.389499 -2.467360 2.528980 -0.028211 0.724135 0.688489 0.028650
1311868177.267807 -0.399332 -2.455650 2.518460 -0.032778 0.723626 0.688669 0.032102
1311868177.299871 -0.406409 -2.434640 2.523470 -0.040853 0.728327 0.683335 0.030453
1311868177.331730 -0.410864 -2.425430 2.523990 -0.037333 0.730586 0.680957 0.033945
1311868177.367900 -0.415204 -2.424670 2.524180 -0.037397 0.731179 0.680212 0.035987
1311868177.399987 -0.417163 -2.416790 2.524930 -0.040731 0.731770 0.679336 0.036880
1311868177.431827 -0.420970 -2.412520 2.527970 -0.040883 0.732166 0.678825 0.038250
1311868177.467848 -0.428548 -2.401190 2.531620 -0.036667 0.727285 0.683936 0.044140
1311868177.499762 -0.430044 -2.393520 2.530660 -0.037319 0.725174 0.686115 0.044497
1311868177.531751 -0.444954 -2.388860 2.526640 -0.032279 0.725869 0.684801 0.055889
1311868177.567851 -0.453374 -2.389870 2.526320 -0.033434 0.728566 0.681143 0.064209
1311868177.599732 -0.459534 -2.391630 2.527970 -0.032210 0.729082 0.680295 0.067854
1311868177.632083 -0.493457 -2.390000 2.519470 -0.035885 0.727077 0.680829 0.080914
1311868177.667866 -0.513851 -2.389010 2.521340 -0.033738 0.727069 0.680571 0.084019
1311868177.699913 -0.533543 -2.391130 2.520900 -0.032265 0.725355 0.681702 0.090034
1311868177.731996 -0.544103 -2.392430 2.519570 -0.033540 0.724337 0.682257 0.093489
1311868177.767937 -0.599659 -2.394960 2.520650 -0.038677 0.722677 0.682516 0.102071
1311868177.799899 -0.635256 -2.398810 2.523710 -0.040781 0.722756 0.681411 0.107909
1311868177.832005 -0.644170 -2.400120 2.524530 -0.040480 0.722162 0.681791 0.109586
1311868177.867810 -0.669804 -2.402520 2.525970 -0.042473 0.719642 0.683811 0.112772
1311868177.899856 -0.676873 -2.401960 2.527370 -0.042860 0.719308 0.684269 0.111977
1311868177.931937 -0.725505 -2.406780 2.535750 -0.041496 0.716924 0.686791 0.112340
1311868177.967919 -0.747333 -2.408420 2.542920 -0.041563 0.716526 0.687638 0.109642
1311868178.000124 -0.758114 -2.407890 2.541290 -0.043260 0.715203 0.688909 0.109649
1311868178.031988 -0.764734 -2.409180 2.542540 -0.042901 0.715422 0.688877 0.108558
1311868178.068015 -0.786890 -2.412280 2.542650 -0.044051 0.715928 0.688027 0.110136
1311868178.100039 -0.790187 -2.412520 2.543290 -0.044732 0.716530 0.687591 0.108661
1311868178.131987 -0.818139 -2.409510 2.535600 -0.042555 0.720510 0.685264 0.097325
1311868178.167955 -0.854269 -2.397950 2.512990 -0.048607 0.725146 0.681034 0.089432
1311868178.199855 -0.855779 -2.395920 2.511510 -0.048127 0.725164 0.681082 0.089182
1311868178.231966 -0.866053 -2.390130 2.498510 -0.045585 0.724074 0.681855 0.093367
1311868178.267968 -0.869818 -2.388050 2.494410 -0.046346 0.724186 0.681354 0.095754
1311868178.299815 -0.878964 -2.377560 2.476470 -0.046890 0.727202 0.676637 0.105575
1311868178.332180 -0.893407 -2.373470 2.466490 -0.046739 0.729626 0.672876 0.112710
1311868178.367989 -0.909672 -2.363020 2.449640 -0.046643 0.726678 0.674630 0.121004
1311868178.400074 -0.911776 -2.360060 2.446230 -0.048536 0.726157 0.674689 0.123039
1311868178.432167 -0.921149 -2.347810 2.431900 -0.054835 0.725440 0.673446 0.131166
1311868178.467895 -0.924904 -2.341740 2.428970 -0.054129 0.727206 0.671491 0.131707
1311868178.500102 -0.928483 -2.338760 2.428110 -0.051108 0.727908 0.671019 0.131439
1311868178.531933 -0.946646 -2.328420 2.405090 -0.045767 0.730572 0.667641 0.135756
1311868178.567928 -0.950194 -2.327480 2.405460 -0.043395 0.733737 0.663361 0.140369
1311868178.600064 -0.958156 -2.325080 2.402990 -0.031224 0.734032 0.663333 0.142184
1311868178.632030 -0.969318 -2.317720 2.386710 -0.024829 0.732823 0.662851 0.151614
1311868178.668047 -0.971768 -2.314170 2.386130 -0.022756 0.732979 0.662468 0.152854
1311868178.699917 -0.974877 -2.312690 2.382810 -0.020742 0.732635 0.662401 0.155067
1311868178.731905 -0.988082 -2.308640 2.372980 -0.023575 0.732704 0.659572 0.166006
1311868178.767938 -1.027380 -2.296670 2.334050 -0.020583 0.728942 0.648736 0.217637
1311868178.799974 -1.041440 -2.291050 2.318340 -0.031324 0.727251 0.644343 0.234418
1311868178.831967 -1.048420 -2.289450 2.312100 -0.031500 0.727675 0.641505 0.240776
1311868178.867919 -1.062120 -2.290020 2.293880 -0.035054 0.726451 0.637030 0.255417
1311868178.900038 -1.064100 -2.290060 2.285380 -0.036661 0.725857 0.636071 0.259242
1311868178.932267 -1.067290 -2.288830 2.269190 -0.036970 0.724149 0.633767 0.269418
1311868178.967934 -1.064910 -2.291710 2.245270 -0.035662 0.725195 0.630291 0.274880
1311868179.000009 -1.064720 -2.298380 2.230020 -0.032319 0.726199 0.621628 0.291846
1311868179.032182 -1.059660 -2.300760 2.214890 -0.033606 0.726167 0.617742 0.299919
1311868179.067847 -1.057130 -2.305040 2.199280 -0.028616 0.725906 0.616037 0.304541
1311868179.100093 -1.046890 -2.314250 2.160000 -0.023812 0.726577 0.615367 0.304710
1311868179.132026 -1.048950 -2.321850 2.145550 -0.017738 0.730087 0.610890 0.305739
1311868179.167985 -1.048820 -2.326040 2.121170 -0.015845 0.728146 0.610138 0.311913
1311868179.200163 -1.052770 -2.326730 2.105070 -0.018294 0.731351 0.608879 0.306697
1311868179.232011 -1.069280 -2.338630 2.062350 -0.000805 0.737388 0.600464 0.309366
1311868179.268108 -1.073690 -2.343580 2.051140 -0.001841 0.740676 0.595520 0.311057
1311868179.300467 -1.074620 -2.345750 2.047800 -0.002665 0.742169 0.594288 0.309845
1311868179.333050 -1.077320 -2.359770 2.013570 -0.006369 0.750313 0.589235 0.299662
1311868179.368133 -1.078670 -2.362430 2.010910 -0.005772 0.751967 0.587135 0.299648
1311868179.400093 -1.084760 -2.370890 2.003040 -0.005098 0.759375 0.578110 0.298523
1311868179.432203 -1.080110 -2.361250 1.999020 -0.006082 0.755857 0.583034 0.297859
1311868179.467999 -1.078990 -2.360020 1.999920 -0.006232 0.755949 0.582939 0.297806
1311868179.500080 -1.069390 -2.350680 2.001360 -0.012040 0.759887 0.579109 0.295066
1311868179.532184 -1.062270 -2.348380 2.008580 -0.007519 0.762814 0.574137 0.297372
1311868179.567958 -1.069100 -2.323480 2.031290 0.001086 0.760124 0.575042 0.302559
1311868179.600201 -1.075020 -2.317310 2.034150 0.003749 0.760266 0.576082 0.300195
1311868179.632001 -1.082700 -2.310890 2.037420 0.006039 0.758752 0.578076 0.300154
1311868179.668182 -1.095400 -2.304470 2.044790 0.009764 0.761277 0.573636 0.302172
1311868179.700151 -1.123160 -2.294560 2.055480 0.012866 0.760250 0.566238 0.318172
1311868179.732177 -1.148300 -2.267460 2.067220 -0.005024 0.757280 0.565513 0.326652
1311868179.768285 -1.152440 -2.262650 2.070250 -0.003716 0.757322 0.565332 0.326885
1311868179.800056 -1.171450 -2.236780 2.088700 0.002703 0.757074 0.565281 0.327555
1311868179.832089 -1.176150 -2.230760 2.094600 0.004692 0.757171 0.565877 0.326278
1311868179.867839 -1.203470 -2.178360 2.136660 0.015688 0.743370 0.577266 0.337526
1311868179.899932 -1.202750 -2.171950 2.138390 0.016981 0.739869 0.580600 0.339431
1311868179.932050 -1.210270 -2.158110 2.147670 0.019839 0.735621 0.584476 0.341849
1311868179.968012 -1.221420 -2.132520 2.168910 0.030614 0.726800 0.590100 0.350158
1311868179.999962 -1.225550 -2.123040 2.182470 0.033787 0.726395 0.587414 0.355187
1311868180.031945 -1.235900 -2.104040 2.215240 0.044410 0.717820 0.591974 0.363777
1311868180.068076 -1.235660 -2.094340 2.228450 0.043115 0.710807 0.598716 0.366660
1311868180.100092 -1.240310 -2.085230 2.238990 0.044619 0.706271 0.602918 0.368354
1311868180.131924 -1.244790 -2.082010 2.244860 0.045082 0.704779 0.603446 0.370286
1311868180.168096 -1.255230 -2.067200 2.270010 0.035531 0.698012 0.605405 0.380798
1311868180.200023 -1.257060 -2.064930 2.273350 0.033661 0.695991 0.606703 0.382597
1311868180.232155 -1.261420 -2.061770 2.280960 0.030817 0.690706 0.610911 0.385706
1311868180.268004 -1.263320 -2.058960 2.285700 0.028871 0.687964 0.613537 0.386587
1311868180.299978 -1.273470 -2.048790 2.299470 0.023395 0.682894 0.619219 0.386887
1311868180.331912 -1.297880 -2.037130 2.314730 0.025211 0.672875 0.628879 0.388742
1311868180.368101 -1.300260 -2.034600 2.315990 0.024303 0.672088 0.629617 0.388965
1311868180.400081 -1.303510 -2.034070 2.317510 0.023315 0.672471 0.629418 0.388687
1311868180.432000 -1.326340 -2.029870 2.329380 0.019355 0.670582 0.629661 0.391763
1311868180.468133 -1.327120 -2.028790 2.330530 0.018572 0.670855 0.629306 0.391903
1311868180.500082 -1.332100 -2.028600 2.333310 0.017816 0.672186 0.627346 0.392799
1311868180.531936 -1.340320 -2.029620 2.337400 0.015093 0.674301 0.624581 0.393694
1311868180.568027 -1.343400 -2.031010 2.337320 0.014408 0.673837 0.624692 0.394338
1311868180.600047 -1.347660 -2.031730 2.340330 0.013192 0.674043 0.625293 0.393072
1311868180.632105 -1.362550 -2.032840 2.338640 0.017748 0.676305 0.632131 0.377771
1311868180.668185 -1.368240 -2.030070 2.334900 0.018599 0.677836 0.630658 0.377451
1311868180.700174 -1.370800 -2.030740 2.335350 0.018221 0.678999 0.629964 0.376536
1311868180.732090 -1.372230 -2.029400 2.333290 0.017702 0.678497 0.631159 0.375463
1311868180.768172 -1.384360 -2.020930 2.322500 0.016227 0.679479 0.632023 0.372287
1311868180.800199 -1.391240 -2.013700 2.314520 0.017069 0.677288 0.635025 0.371131
1311868180.832010 -1.406890 -1.995380 2.292040 0.016148 0.673786 0.632503 0.381703
1311868180.867980 -1.411430 -1.990770 2.285500 0.013943 0.671495 0.630512 0.389049
1311868180.899974 -1.412760 -1.989430 2.283460 0.012788 0.670610 0.630399 0.390796
1311868180.932135 -1.414260 -1.987540 2.279720 0.012842 0.668190 0.632349 0.391786
1311868180.968026 -1.420890 -1.974550 2.267670 0.013780 0.662419 0.633003 0.400404
1311868181.000013 -1.430130 -1.963410 2.249890 0.010670 0.658266 0.633686 0.406226
1311868181.032168 -1.437390 -1.957010 2.239730 0.010953 0.657176 0.630241 0.413282
1311868181.068183 -1.444560 -1.951190 2.229050 0.012121 0.656161 0.628496 0.417499
1311868181.100120 -1.452300 -1.942750 2.221110 0.013350 0.652697 0.628121 0.423414
1311868181.132035 -1.457370 -1.931900 2.213420 0.012399 0.652115 0.626981 0.426021
1311868181.168020 -1.465790 -1.924470 2.206260 0.015617 0.651945 0.624808 0.429354
1311868181.200040 -1.470660 -1.922750 2.196460 0.017518 0.654226 0.624036 0.426927
1311868181.232080 -1.471310 -1.922070 2.195900 0.018732 0.654383 0.623377 0.427597
1311868181.268006 -1.475040 -1.920870 2.194110 0.022086 0.653955 0.624176 0.426926
1311868181.300111 -1.480320 -1.917250 2.190930 0.023958 0.653386 0.624304 0.427508
1311868181.332051 -1.487730 -1.913970 2.187380 0.028753 0.650366 0.626031 0.429288
1311868181.367997 -1.497840 -1.907600 2.180430 0.034220 0.650887 0.626817 0.426945
1311868181.400094 -1.505470 -1.904960 2.175840 0.037073 0.650369 0.625621 0.429245
1311868181.432419 -1.513200 -1.900540 2.171190 0.036349 0.649795 0.623782 0.432836
1311868181.468024 -1.529270 -1.891000 2.155380 0.033195 0.649476 0.617599 0.442331
1311868181.500288 -1.538070 -1.888380 2.148760 0.034102 0.650692 0.613064 0.446761
1311868181.532183 -1.565670 -1.876730 2.126080 0.032197 0.645777 0.610241 0.457765
1311868181.568153 -1.601500 -1.862430 2.100180 0.029582 0.643650 0.607632 0.464359
1311868181.600115 -1.618630 -1.852450 2.088800 0.025937 0.642710 0.608076 0.465297
1311868181.632435 -1.632400 -1.842900 2.076850 0.023224 0.642570 0.604861 0.469803
1311868181.668011 -1.649240 -1.836720 2.061610 0.024309 0.643872 0.601169 0.472694
1311868181.700024 -1.667740 -1.832740 2.051000 0.026100 0.643697 0.598993 0.475591
1311868181.732563 -1.685880 -1.825470 2.043840 0.023687 0.641548 0.597434 0.480556
1311868181.768063 -1.698560 -1.821390 2.039550 0.024058 0.639595 0.597941 0.482507
1311868181.800057 -1.721820 -1.813810 2.029170 0.026509 0.637054 0.595825 0.488322
1311868181.832157 -1.732010 -1.808920 2.026500 0.029618 0.632448 0.596700 0.493039
1311868181.868146 -1.744760 -1.802160 2.021800 0.031605 0.629162 0.594858 0.499306
1311868181.900215 -1.761360 -1.792670 2.012090 0.031674 0.626388 0.592476 0.505584
1311868181.932068 -1.763510 -1.791750 2.011130 0.030441 0.626216 0.591762 0.506707
1311868181.968208 -1.772700 -1.781130 1.996430 0.027210 0.629032 0.590434 0.504950
1311868182.000232 -1.778230 -1.781920 1.993430 0.025493 0.632310 0.589850 0.501615
1311868182.032194 -1.780550 -1.780360 1.989490 0.026163 0.633121 0.591313 0.498828
1311868182.068176 -1.783890 -1.773530 1.980530 0.028404 0.632777 0.594352 0.495519
1311868182.100226 -1.795080 -1.752460 1.946680 0.028404 0.633479 0.594672 0.494236
1311868182.136196 -1.795830 -1.748880 1.940850 0.027466 0.634323 0.594548 0.493354
1311868182.168077 -1.799660 -1.719350 1.891010 0.032434 0.626340 0.594070 0.503720
1311868182.200278 -1.801850 -1.714610 1.874340 0.032626 0.627588 0.590348 0.506523
1311868182.236167 -1.802170 -1.710200 1.866920 0.033398 0.628243 0.589973 0.506099
1311868182.268066 -1.803290 -1.701420 1.849610 0.034335 0.628397 0.589797 0.506049
1311868182.300234 -1.802960 -1.676400 1.799980 0.035525 0.629772 0.582583 0.512571
1311868182.336153 -1.805650 -1.658020 1.774750 0.043488 0.628024 0.581161 0.515708
1311868182.368183 -1.805160 -1.654980 1.769480 0.043611 0.628203 0.579936 0.516857
1311868182.400284 -1.806200 -1.639180 1.745250 0.049549 0.623026 0.575989 0.526903
1311868182.436053 -1.812150 -1.619320 1.718770 0.052654 0.612659 0.567874 0.547177
1311868182.468090 -1.816100 -1.612590 1.710050 0.053486 0.606941 0.565478 0.555881
1311868182.500921 -1.825350 -1.598220 1.690430 0.052162 0.598985 0.555217 0.574662
1311868182.536127 -1.841780 -1.578430 1.662910 0.053538 0.584759 0.548591 0.595184
1311868182.568033 -1.854540 -1.569520 1.644680 0.054145 0.580351 0.542204 0.605212
1311868182.600295 -1.868430 -1.558800 1.628240 0.056174 0.575161 0.537323 0.614267
1311868182.636312 -1.874880 -1.557240 1.623890 0.056031 0.574306 0.536467 0.615827
1311868182.668039 -1.908070 -1.533100 1.586540 0.049363 0.570712 0.528706 0.626360
1311868182.700341 -1.921950 -1.519820 1.561160 0.045075 0.565885 0.525440 0.633768
1311868182.736220 -1.927720 -1.517840 1.555890 0.045115 0.564872 0.524338 0.635578
1311868182.768253 -1.947850 -1.498970 1.533560 0.041927 0.564140 0.521278 0.638956
1311868182.800181 -1.953100 -1.486020 1.519910 0.045318 0.564030 0.525261 0.635550
1311868182.836155 -1.954150 -1.482980 1.516120 0.047302 0.565620 0.526473 0.632985
1311868182.868215 -1.952830 -1.477080 1.505390 0.052120 0.567790 0.527983 0.629395
1311868182.900229 -1.944950 -1.480590 1.476140 0.045353 0.567523 0.530157 0.628332
1311868182.936274 -1.922310 -1.471270 1.458770 0.044943 0.551287 0.543067 0.631781
1311868182.968092 -1.907290 -1.465150 1.445620 0.043439 0.552295 0.540287 0.633388
1311868183.000259 -1.901610 -1.467050 1.439790 0.040321 0.555339 0.539235 0.631827
1311868183.036254 -1.823840 -1.470590 1.377540 0.039592 0.552564 0.543919 0.630289
1311868183.068333 -1.809340 -1.474760 1.364960 0.040292 0.552316 0.544085 0.630318
1311868183.100611 -1.785360 -1.479270 1.345580 0.038667 0.551657 0.544798 0.630382
1311868183.136176 -1.776730 -1.479920 1.338970 0.039322 0.551278 0.546253 0.629413
1311868183.168211 -1.718510 -1.487390 1.285840 0.033574 0.560886 0.545626 0.621755
1311868183.200276 -1.715740 -1.491280 1.278160 0.035480 0.558009 0.547824 0.622305
1311868183.236295 -1.705050 -1.493890 1.265320 0.034033 0.548566 0.557128 0.622521
1311868183.268380 -1.660930 -1.474430 1.226410 0.046401 0.554628 0.570425 0.604035
1311868183.300363 -1.657990 -1.474760 1.219710 0.049762 0.557153 0.567124 0.604551
1311868183.336308 -1.651920 -1.473610 1.206670 0.059240 0.560875 0.559477 0.607373
1311868183.368469 -1.646210 -1.473550 1.189260 0.055382 0.565643 0.551649 0.610468
1311868183.400232 -1.622850 -1.464460 1.166670 0.040404 0.564663 0.547576 0.616190
1311868183.436153 -1.613690 -1.461690 1.153750 0.036694 0.569197 0.540751 0.618275
1311868183.468217 -1.611860 -1.463540 1.135500 0.033927 0.576229 0.531795 0.619685
1311868183.500255 -1.579140 -1.460300 1.103920 -0.002805 0.563099 0.536927 0.628194
1311868183.536275 -1.554250 -1.453870 1.093970 -0.013533 0.558329 0.540569 0.629188
1311868183.568369 -1.535250 -1.459010 1.082020 -0.015302 0.558420 0.541349 0.628396
1311868183.600217 -1.511130 -1.469650 1.066740 -0.018172 0.559201 0.534533 0.633440
1311868183.636216 -1.485290 -1.484800 1.056100 -0.024567 0.561906 0.537206 0.628550
1311868183.668587 -1.459550 -1.500060 1.045370 -0.023876 0.555081 0.542480 0.630109
1311868183.700230 -1.441080 -1.512910 1.038360 -0.030206 0.554685 0.538711 0.633411
1311868183.736414 -1.415480 -1.530130 1.030320 -0.034884 0.551076 0.537271 0.637531
1311868183.768221 -1.382700 -1.545830 1.022500 -0.035442 0.547163 0.542404 0.636523
1311868183.800370 -1.376310 -1.548410 1.020880 -0.035327 0.548373 0.543161 0.634840
1311868183.836230 -1.364300 -1.554170 1.017230 -0.032793 0.552144 0.546587 0.628738
1311868183.868506 -1.359000 -1.557240 1.015970 -0.032687 0.554439 0.547007 0.626354
1311868183.900249 -1.330190 -1.582060 1.009890 -0.030417 0.561530 0.547444 0.619735
1311868183.936316 -1.321020 -1.592400 1.006160 -0.024766 0.562717 0.545653 0.620488
1311868183.968498 -1.313170 -1.603060 1.007060 -0.026324 0.568255 0.538027 0.622034
1311868184.000440 -1.308040 -1.614300 1.011460 -0.019648 0.569178 0.533079 0.625687
1311868184.036316 -1.305840 -1.619340 1.009880 -0.015872 0.566631 0.526781 0.633393
1311868184.070267 -1.313540 -1.622300 1.012190 -0.008173 0.569545 0.522989 0.634067
1311868184.100684 -1.319010 -1.621640 1.014740 -0.001136 0.568170 0.524789 0.633865
1311868184.136827 -1.321360 -1.620650 1.014510 0.001557 0.565694 0.524178 0.636578
1311868184.169015 -1.345020 -1.597410 1.013340 0.004934 0.562424 0.516458 0.645704
1311868184.200464 -1.349420 -1.593310 1.012640 0.004671 0.562208 0.516762 0.645650
1311868184.236434 -1.400630 -1.547300 0.999669 0.009034 0.553875 0.511025 0.657268
1311868184.268504 -1.405960 -1.539740 0.995570 0.009952 0.552371 0.510257 0.659114
1311868184.300643 -1.460400 -1.498160 0.961174 0.010509 0.554001 0.500709 0.665033
1311868184.336293 -1.488350 -1.491550 0.953851 0.012489 0.556063 0.490559 0.670818
1311868184.368210 -1.505310 -1.484180 0.947234 0.013192 0.554859 0.483003 0.677253
1311868184.400303 -1.515590 -1.480700 0.944478 0.013662 0.555804 0.478268 0.679825
1311868184.436272 -1.580880 -1.450900 0.929933 0.013538 0.553377 0.464321 0.691377
1311868184.468412 -1.621760 -1.425390 0.922104 0.011938 0.551833 0.463882 0.692934
1311868184.500438 -1.645120 -1.409820 0.917061 0.012416 0.551038 0.463121 0.694066
1311868184.536326 -1.652600 -1.405070 0.915306 0.012815 0.550792 0.462555 0.694632
1311868184.568437 -1.673430 -1.389930 0.910528 0.012099 0.547714 0.463552 0.696412
1311868184.600381 -1.718850 -1.347930 0.899141 0.010094 0.540663 0.469955 0.697660
1311868184.636350 -1.736590 -1.321250 0.891911 0.014267 0.540571 0.472750 0.695768
1311868184.668352 -1.755340 -1.296130 0.884399 0.019052 0.544102 0.472905 0.692789
1311868184.700710 -1.761220 -1.289960 0.882995 0.019887 0.544592 0.472353 0.692758
1311868184.736501 -1.777330 -1.243410 0.874824 0.018818 0.561031 0.465405 0.684320
1311868184.768456 -1.785940 -1.210820 0.870358 0.021626 0.552692 0.464189 0.691808
1311868184.800366 -1.789750 -1.177800 0.861740 0.029678 0.544663 0.463591 0.698249
1311868184.836324 -1.789410 -1.151490 0.851787 0.035189 0.535159 0.464850 0.704477
1311868184.868735 -1.793650 -1.146380 0.848386 0.035998 0.532002 0.464552 0.707019
1311868184.900445 -1.785040 -1.076770 0.827400 0.034002 0.517939 0.456277 0.722772
1311868184.936308 -1.787250 -1.060340 0.825552 0.042674 0.514411 0.451154 0.728029
1311868184.968436 -1.796260 -1.039420 0.821916 0.050475 0.512552 0.446301 0.731822
1311868185.000422 -1.803460 -1.016570 0.821675 0.053337 0.502152 0.447283 0.738202
1311868185.036432 -1.813050 -0.968971 0.810450 0.070932 0.491208 0.448063 0.743592
1311868185.068440 -1.821050 -0.948701 0.797831 0.075979 0.486748 0.443548 0.748716
1311868185.100898 -1.825020 -0.942883 0.792562 0.076015 0.485427 0.441617 0.750708
1311868185.136538 -1.839350 -0.898056 0.754740 0.070775 0.474673 0.431131 0.764074
1311868185.168559 -1.850160 -0.859600 0.724875 0.056348 0.471298 0.411182 0.778228
1311868185.200754 -1.861420 -0.836336 0.705828 0.059843 0.459794 0.407465 0.786757
1311868185.236390 -1.865730 -0.829714 0.697926 0.061626 0.456727 0.406649 0.788825
1311868185.268543 -1.868950 -0.823101 0.691618 0.062003 0.454500 0.405707 0.790565
1311868185.300484 -1.880440 -0.792006 0.663706 0.062470 0.445783 0.407953 0.794327
1311868185.337903 -1.885790 -0.769724 0.651684 0.060537 0.439831 0.409889 0.796794
1311868185.368510 -1.892920 -0.743915 0.636443 0.060235 0.432269 0.407960 0.801929
1311868185.401199 -1.889930 -0.719814 0.620278 0.059325 0.433102 0.406359 0.802360
1311868185.436438 -1.879100 -0.683453 0.596639 0.060794 0.429077 0.408517 0.803316
1311868185.468575 -1.864150 -0.653590 0.586416 0.053127 0.430407 0.417777 0.798371
1311868185.500443 -1.850370 -0.633193 0.573710 0.054784 0.425088 0.424435 0.797596
1311868185.536414 -1.835080 -0.614838 0.563452 0.054808 0.424103 0.408991 0.806142
1311868185.568460 -1.833240 -0.609920 0.562195 0.054792 0.425487 0.403209 0.808324
1311868185.600364 -1.806900 -0.566081 0.543364 0.067798 0.389758 0.405267 0.824171
1311868185.636409 -1.799890 -0.549168 0.539009 0.064202 0.384616 0.392623 0.832947
1311868185.668624 -1.790130 -0.501004 0.510762 0.065964 0.352163 0.379362 0.853065
1311868185.701972 -1.789090 -0.467265 0.480404 0.057885 0.346754 0.368539 0.860579
1311868185.736700 -1.794500 -0.430987 0.441211 0.054580 0.338139 0.356428 0.869280
1311868185.768630 -1.798650 -0.404058 0.418218 0.044622 0.338670 0.345989 0.873847
1311868185.800441 -1.810180 -0.373112 0.402602 0.037801 0.336023 0.334940 0.879477
1311868185.836824 -1.816610 -0.349576 0.391137 0.042420 0.329631 0.341799 0.879047
1311868185.868447 -1.819680 -0.342055 0.386019 0.042688 0.328769 0.341669 0.879407
1311868185.900384 -1.772290 -0.359862 0.340928 0.027401 0.332984 0.350562 0.874919
1311868185.936471 -1.725630 -0.385667 0.318629 0.031401 0.330152 0.358525 0.872627
1311868185.968391 -1.691120 -0.410377 0.297833 0.039300 0.326648 0.366332 0.870381
1311868186.000413 -1.687430 -0.413068 0.297184 0.041388 0.327883 0.365938 0.869985
1311868186.036453 -1.624050 -0.445106 0.245126 0.045366 0.318580 0.334455 0.885773
1311868186.068672 -1.611940 -0.450085 0.224062 0.045741 0.307449 0.327457 0.892278
1311868186.103248 -1.606890 -0.450117 0.219996 0.045140 0.304347 0.324981 0.894275
1311868186.136633 -1.598970 -0.449098 0.208442 0.043204 0.300439 0.316655 0.898668
1311868186.168524 -1.584860 -0.447399 0.173129 0.047088 0.284794 0.305220 0.907481
1311868186.200391 -1.563700 -0.427945 0.150878 0.058703 0.257177 0.287173 0.920842
1311868186.237659 -1.554020 -0.416591 0.144576 0.067594 0.269404 0.281642 0.918442
1311868186.268650 -1.555380 -0.416961 0.139834 0.067965 0.272135 0.283199 0.917130
1311868186.300401 -1.541200 -0.400644 0.134893 0.074799 0.280052 0.290125 0.912036
1311868186.336402 -1.514760 -0.379029 0.115011 0.082215 0.274129 0.283001 0.915429
1311868186.368410 -1.504580 -0.361346 0.097439 0.080879 0.276116 0.267378 0.919638
1311868186.400544 -1.482620 -0.314821 0.057187 0.069150 0.242258 0.239452 0.937655
1311868186.436523 -1.478970 -0.307387 0.051503 0.065740 0.242227 0.236687 0.938610
1311868186.468526 -1.460290 -0.271004 0.016009 0.057963 0.220719 0.229170 0.946261
1311868186.500490 -1.443730 -0.211302 -0.013860 0.071326 0.200163 0.207627 0.954853
1311868186.537052 -1.429440 -0.166122 -0.021830 0.065131 0.183039 0.198943 0.960563
1311868186.568549 -1.388970 -0.079287 -0.041450 0.060120 0.196491 0.213296 0.955137
1311868186.600576 -1.374540 -0.062955 -0.044039 0.048844 0.202148 0.209279 0.955488
1311868186.636497 -1.360810 -0.053808 -0.033934 0.045336 0.203092 0.205039 0.956380
1311868186.668623 -1.332800 -0.034070 -0.032417 0.053819 0.205138 0.202688 0.956005
1311868186.702517 -1.285240 -0.011249 -0.049829 0.071327 0.183068 0.193609 0.961207
1311868186.736720 -1.271790 0.012652 -0.056203 0.074273 0.177545 0.191815 0.962379
1311868186.768504 -1.258620 0.021213 -0.054613 0.072564 0.183062 0.200564 0.959689
1311868186.800524 -1.235590 0.046069 -0.068687 0.073554 0.166719 0.213392 0.959825
1311868186.836721 -1.229500 0.052528 -0.070317 0.071853 0.162497 0.213676 0.960614
1311868186.869317 -1.200930 0.089364 -0.091113 0.055373 0.151844 0.196423 0.967109
1311868186.900515 -1.197430 0.100895 -0.100798 0.051080 0.145511 0.193118 0.968983
1311868186.936400 -1.182000 0.127728 -0.118692 0.046144 0.141523 0.191248 0.970191
1311868186.968636 -1.183880 0.134690 -0.127647 0.044523 0.144797 0.188391 0.970343
1311868187.000505 -1.185410 0.140656 -0.137183 0.043735 0.143190 0.187063 0.970874
1311868187.036707 -1.171380 0.182328 -0.171860 0.033849 0.138554 0.186283 0.972091
1311868187.068458 -1.173020 0.196566 -0.188791 0.025180 0.143148 0.191371 0.970699
1311868187.101696 -1.170590 0.205403 -0.198472 0.023277 0.145274 0.192263 0.970255
1311868187.136587 -1.154860 0.234339 -0.226975 0.022971 0.160098 0.198875 0.966589
1311868187.169000 -1.146280 0.231906 -0.227933 0.023012 0.162161 0.202494 0.965492
1311868187.201269 -1.142270 0.232862 -0.229768 0.023924 0.160773 0.201778 0.965852
1311868187.236433 -1.127600 0.226260 -0.233737 0.024574 0.158991 0.203344 0.965802
1311868187.268822 -1.120180 0.224841 -0.233998 0.024262 0.158734 0.201851 0.966166
1311868187.300515 -1.057010 0.182048 -0.219348 0.030427 0.154812 0.196496 0.967730
1311868187.336611 -1.026190 0.167867 -0.216877 0.031499 0.151044 0.192968 0.969001
1311868187.368415 -0.992839 0.143641 -0.204602 0.034280 0.158217 0.182356 0.969816
1311868187.400493 -0.936957 0.109114 -0.192473 0.038409 0.142214 0.181951 0.972213
1311868187.436706 -0.910083 0.097664 -0.189427 0.037031 0.134083 0.182139 0.973386
1311868187.468568 -0.903151 0.094226 -0.189224 0.037180 0.133820 0.179370 0.973931
1311868187.500548 -0.861036 0.079414 -0.182420 0.028993 0.124069 0.172058 0.976815
1311868187.537564 -0.851393 0.076733 -0.180753 0.028934 0.120411 0.169590 0.977706
1311868187.568523 -0.830368 0.071401 -0.178096 0.028655 0.113015 0.162918 0.979729
1311868187.600502 -0.771560 0.047393 -0.184680 0.014729 0.108041 0.130324 0.985460
1311868187.636477 -0.752764 0.038509 -0.188083 0.008780 0.095325 0.129047 0.987010
1311868187.668730 -0.675504 0.009195 -0.190425 0.002062 0.105730 0.129452 0.985933
1311868187.700555 -0.639543 -0.004769 -0.186096 0.000028 0.108923 0.129009 0.985646
1311868187.736522 -0.624775 -0.017936 -0.183065 0.004006 0.108769 0.127779 0.985815
1311868187.768746 -0.593776 -0.051725 -0.170077 0.018695 0.117396 0.123533 0.985197
1311868187.800538 -0.590495 -0.056722 -0.168423 0.019794 0.117054 0.124850 0.985050
1311868187.837466 -0.552723 -0.119499 -0.134724 0.022155 0.121260 0.127314 0.984176
1311868187.868577 -0.541669 -0.150413 -0.122693 0.029418 0.128317 0.125313 0.983347
1311868187.900542 -0.531217 -0.188410 -0.104366 0.034417 0.125247 0.124563 0.983676
1311868187.936595 -0.528465 -0.196340 -0.101134 0.035766 0.123754 0.124645 0.983806
1311868187.968459 -0.518410 -0.228110 -0.091283 0.043609 0.122088 0.124453 0.983722
1311868188.000735 -0.517549 -0.234640 -0.089461 0.044680 0.121985 0.123174 0.983848
1311868188.036686 -0.507535 -0.266521 -0.082087 0.045910 0.107934 0.126126 0.985058
1311868188.068520 -0.505950 -0.272991 -0.081899 0.047282 0.109470 0.124861 0.984985
1311868188.100428 -0.502527 -0.302840 -0.081757 0.059876 0.111500 0.118469 0.984862
1311868188.136705 -0.503483 -0.309694 -0.082189 0.062242 0.114219 0.115600 0.984745
1311868188.169752 -0.501440 -0.296923 -0.085806 0.068364 0.105660 0.106563 0.986312
1311868188.200610 -0.498343 -0.288435 -0.086728 0.065868 0.111748 0.100379 0.986460
1311868188.236529 -0.489922 -0.271262 -0.088992 0.063360 0.113056 0.099771 0.986537
1311868188.268577 -0.472729 -0.247680 -0.100322 0.060998 0.109502 0.102616 0.986795
1311868188.300900 -0.454881 -0.226358 -0.117544 0.064272 0.105418 0.100265 0.987273
1311868188.336811 -0.449591 -0.221428 -0.122738 0.064221 0.105297 0.096441 0.987670
1311868188.368537 -0.395206 -0.182066 -0.159566 0.061171 0.101546 0.089895 0.988874
1311868188.400512 -0.388221 -0.174436 -0.166159 0.062934 0.101292 0.087964 0.988963
1311868188.437067 -0.374584 -0.164733 -0.177725 0.063272 0.099402 0.084076 0.989471
1311868188.468574 -0.367730 -0.159044 -0.184114 0.063602 0.097321 0.081471 0.989874
1311868188.502489 -0.337238 -0.137386 -0.209757 0.063749 0.095689 0.063176 0.991360
1311868188.537539 -0.318345 -0.114028 -0.228074 0.063309 0.096517 0.049776 0.992071
1311868188.568686 -0.286071 -0.085151 -0.244973 0.056752 0.083726 0.050909 0.993571
1311868188.601444 -0.278829 -0.076940 -0.250090 0.056371 0.080469 0.051857 0.993812
1311868188.637504 -0.227067 -0.034845 -0.273550 0.042740 0.076437 0.055161 0.994632
1311868188.668666 -0.186713 -0.007988 -0.284294 0.035678 0.073392 0.060489 0.994830
1311868188.703460 -0.165136 0.001925 -0.287041 0.035575 0.071654 0.063606 0.994766
1311868188.736639 -0.158125 0.005845 -0.288791 0.036339 0.071723 0.065917 0.994583
1311868188.768663 -0.107502 0.020351 -0.285768 0.026218 0.081138 0.067160 0.994095
1311868188.800670 -0.099658 0.022634 -0.286295 0.025984 0.081528 0.067182 0.994067
1311868188.836521 -0.091807 0.025000 -0.286024 0.025475 0.081981 0.067100 0.994049
1311868188.868469 -0.024338 0.027483 -0.277504 0.030612 0.076380 0.068354 0.994265
1311868188.900697 -0.006211 0.032618 -0.280613 0.033074 0.070561 0.070780 0.994446
1311868188.936521 0.000408 0.034914 -0.279938 0.032937 0.070560 0.072384 0.994335
1311868188.968696 0.030857 0.040702 -0.278907 0.030943 0.065904 0.074483 0.994564
1311868189.000574 0.046103 0.044560 -0.277722 0.030441 0.063959 0.070601 0.994989
1311868189.036870 0.053385 0.046413 -0.277096 0.030849 0.063593 0.067319 0.995228
1311868189.068620 0.130076 0.071582 -0.285540 0.026424 0.031503 0.049900 0.997910
1311868189.100649 0.149096 0.077030 -0.289964 0.022540 0.024806 0.042024 0.998557
1311868189.136620 0.158580 0.079673 -0.291550 0.021033 0.021910 0.036559 0.998873
1311868189.168589 0.213794 0.100092 -0.307829 0.006848 -0.002562 0.013687 0.999882
1311868189.201174 0.222616 0.104008 -0.310081 0.005380 -0.003843 0.011340 0.999917
1311868189.238292 0.259637 0.118865 -0.314010 -0.003268 -0.016365 0.007306 0.999837
1311868189.268669 0.304693 0.142231 -0.324104 -0.009619 -0.025877 0.005884 0.999604
1311868189.302276 0.322457 0.153400 -0.329620 -0.009055 -0.030100 0.004617 0.999498
1311868189.337870 0.327500 0.156911 -0.333558 -0.009262 -0.032150 0.004137 0.999434
1311868189.368446 0.362212 0.171981 -0.341510 -0.009928 -0.039050 0.001176 0.999190
1311868189.400547 0.367003 0.173904 -0.339752 -0.009172 -0.038990 0.001920 0.999198
1311868189.436651 0.388188 0.177114 -0.343440 -0.005211 -0.043092 0.004751 0.999049
1311868189.468797 0.392325 0.178065 -0.341118 -0.005340 -0.042415 0.005957 0.999071
1311868189.500573 0.402600 0.179890 -0.339542 -0.006058 -0.040225 0.004659 0.999164
1311868189.536633 0.465167 0.169508 -0.324933 -0.009222 -0.042944 0.001426 0.999037
1311868189.568724 0.506336 0.153141 -0.312959 -0.008628 -0.046514 -0.011705 0.998815
1311868189.601920 0.514117 0.148511 -0.312695 -0.007942 -0.047130 -0.013371 0.998770
1311868189.636729 0.571591 0.122433 -0.297920 -0.000598 -0.048987 -0.027501 0.998423
1311868189.668663 0.586208 0.115861 -0.296537 0.003013 -0.052504 -0.024886 0.998309
1311868189.704376 0.615476 0.102859 -0.292042 0.011217 -0.057749 -0.022418 0.998019
1311868189.736593 0.645547 0.090419 -0.285775 0.017045 -0.060003 -0.022214 0.997808
1311868189.768868 0.660058 0.085097 -0.283542 0.019299 -0.065525 -0.026440 0.997317
1311868189.802939 0.695165 0.066199 -0.276367 0.020568 -0.077672 -0.043104 0.995837
1311868189.836562 0.702294 0.062706 -0.273763 0.021890 -0.079806 -0.044550 0.995577
1311868189.868685 0.743880 0.036857 -0.273916 0.023481 -0.097823 -0.066640 0.992695
1311868189.902037 0.758981 0.027743 -0.273750 0.018072 -0.100879 -0.074964 0.991909
1311868189.936714 0.766318 0.022462 -0.274073 0.015915 -0.101389 -0.079424 0.991547
1311868189.968616 0.802830 -0.004847 -0.268731 0.009000 -0.116464 -0.093957 0.988703
1311868190.002005 0.809819 -0.009911 -0.268996 0.010473 -0.118697 -0.095657 0.988260
1311868190.036745 0.826215 -0.021081 -0.268864 0.013353 -0.123945 -0.104954 0.986636
1311868190.068604 0.847106 -0.034346 -0.272394 0.016646 -0.134387 -0.112776 0.984353
1311868190.104099 0.873636 -0.067801 -0.272796 0.022275 -0.138853 -0.132401 0.981172
1311868190.136685 0.880768 -0.080911 -0.275442 0.017959 -0.147069 -0.139726 0.979046
1311868190.168751 0.879633 -0.087810 -0.272107 0.012093 -0.152292 -0.141061 0.978146
1311868190.202446 0.894154 -0.159920 -0.251217 -0.007195 -0.176314 -0.159377 0.971322
1311868190.236836 0.894412 -0.165991 -0.247981 -0.008824 -0.173030 -0.160219 0.971761
1311868190.268616 0.893542 -0.216202 -0.227689 -0.009062 -0.170964 -0.171490 0.970199
1311868190.302512 0.893033 -0.246729 -0.220401 0.000462 -0.165220 -0.174170 0.970759
1311868190.336668 0.895747 -0.280763 -0.208621 0.005581 -0.177821 -0.160506 0.970872
1311868190.369230 0.904843 -0.326025 -0.192156 0.007478 -0.190324 -0.159865 0.968592
1311868190.401976 0.914292 -0.360629 -0.171328 0.015316 -0.196449 -0.172184 0.965159
1311868190.436649 0.917962 -0.388006 -0.150425 0.021741 -0.202323 -0.183194 0.961789
1311868190.468862 0.922980 -0.394916 -0.146039 0.024672 -0.206651 -0.185738 0.960309
1311868190.503067 0.928058 -0.402137 -0.142290 0.027425 -0.209923 -0.187707 0.959141
1311868190.536577 0.966469 -0.448518 -0.109664 0.037122 -0.217226 -0.207736 0.953041
1311868190.568647 0.983001 -0.454473 -0.097925 0.045489 -0.214613 -0.218865 0.950777
1311868190.604416 0.988677 -0.457988 -0.093878 0.046370 -0.214465 -0.223094 0.949784
1311868190.636584 1.010220 -0.471494 -0.076981 0.044060 -0.222704 -0.221210 0.948438
1311868190.668720 1.033890 -0.477151 -0.067105 0.052679 -0.227543 -0.221620 0.946752
1311868190.708899 1.044340 -0.475035 -0.060638 0.048870 -0.231905 -0.223204 0.945525
1311868190.736730 1.036740 -0.462484 -0.057810 0.039130 -0.229403 -0.218240 0.947745
1311868190.771375 1.028370 -0.458017 -0.059494 0.035071 -0.234941 -0.212959 0.947749
1311868190.802394 1.020150 -0.453831 -0.062400 0.037266 -0.235128 -0.218321 0.946398
1311868190.836629 1.002280 -0.443239 -0.066976 0.035771 -0.243106 -0.218805 0.944325
1311868190.870368 0.996722 -0.442805 -0.067399 0.033795 -0.244051 -0.220605 0.943736
1311868190.902257 0.977775 -0.435327 -0.071630 0.030319 -0.248667 -0.220821 0.942598
1311868190.936594 0.975149 -0.434219 -0.073186 0.030603 -0.250095 -0.223218 0.941645
1311868190.970309 0.973824 -0.433977 -0.074405 0.031646 -0.248965 -0.227407 0.940908
1311868191.004252 0.967690 -0.429747 -0.076927 0.031738 -0.249793 -0.227264 0.940720
1311868191.036646 0.967965 -0.431429 -0.076171 0.030206 -0.251364 -0.227836 0.940213
1311868191.074967 0.967083 -0.433500 -0.076406 0.029892 -0.251818 -0.224457 0.940914
1311868191.102905 0.967114 -0.433291 -0.075911 0.028972 -0.251788 -0.226916 0.940361
1311868191.136667 0.966119 -0.430880 -0.075518 0.027510 -0.252473 -0.229453 0.939606
1311868191.170379 0.964366 -0.432217 -0.074155 0.023788 -0.250720 -0.230198 0.939994
1311868191.204730 0.964485 -0.431103 -0.074504 0.024045 -0.251187 -0.230118 0.939882
1311868191.236855 0.965521 -0.433863 -0.075535 0.024015 -0.252656 -0.230000 0.939518
1311868191.270521 0.966486 -0.434621 -0.076176 0.024482 -0.251194 -0.230035 0.939890
1311868191.305138 0.967597 -0.433842 -0.077949 0.024980 -0.250504 -0.228824 0.940356
1311868191.336788 0.966058 -0.435126 -0.078247 0.023579 -0.252128 -0.227882 0.940187
1311868191.370175 0.967544 -0.437228 -0.077924 0.023613 -0.252519 -0.228506 0.939930
1311868191.408020 0.967607 -0.436766 -0.078364 0.023828 -0.251560 -0.228130 0.940273
1311868191.436687 0.966917 -0.438359 -0.079152 0.023883 -0.250736 -0.226507 0.940884
1311868191.470045 0.967310 -0.438709 -0.079903 0.024158 -0.250771 -0.225374 0.941139
1311868191.505579 0.967987 -0.439375 -0.080465 0.024703 -0.250711 -0.225311 0.941156
1311868191.536752 0.967972 -0.438828 -0.080654 0.024678 -0.250570 -0.225474 0.941156
1311868191.570203 0.967831 -0.438774 -0.080844 0.023987 -0.250677 -0.225013 0.941255
1311868191.604658 0.967651 -0.438837 -0.081304 0.024133 -0.250914 -0.225098 0.941168
1311868191.636913 0.968541 -0.438265 -0.081487 0.023644 -0.251556 -0.224748 0.941093
1311868191.670782 0.968420 -0.438841 -0.081415 0.023260 -0.251517 -0.224531 0.941164
1311868191.705077 0.968651 -0.438229 -0.081668 0.023821 -0.251292 -0.225125 0.941069
1311868191.736754 0.969205 -0.438669 -0.080976 0.022061 -0.251120 -0.225248 0.941128
