0 rgb/1305031910.765238.png 1 0 0 0 0 0 0
1 rgb/1305031910.797230.png 0.999993 -0.00206149 -0.00263638 -0.00147513 0.00110711 0.00154466 -0.00307673
2 rgb/1305031910.835208.png 0.999977 -0.00409697 -0.00372716 -0.00404177 0.00475642 0.00331741 -0.00572436
3 rgb/1305031910.865025.png 0.999897 -0.00156653 0.00341259 -0.0138747 0.0210209 0.00466508 -0.0225726
4 rgb/1305031910.897222.png 0.999823 0.0126446 -0.00304906 -0.013611 0.0704619 -0.00280175 -0.041847
5 rgb/1305031910.935211.png 0.999752 0.0159932 -0.00253295 -0.0152914 0.078009 -4.38357e-05 -0.0457478
6 rgb/1305031910.965249.png 0.999503 0.0129015 -0.0196645 -0.020995 0.129847 0.000683251 -0.0557113
7 rgb/1305031910.997325.png 0.998933 0.0188027 -0.029853 -0.0297879 0.176149 0.00739856 -0.0717922
8 rgb/1305031911.035050.png 0.998443 0.0122428 -0.0429193 -0.0334586 0.209197 0.0163021 -0.0796295
9 rgb/1305031911.065269.png 0.998256 0.0105915 -0.0473053 -0.0336786 0.222549 0.0163672 -0.0792271
10 rgb/1305031911.097196.png 0.998086 0.00617131 -0.0516905 -0.0333865 0.250726 0.0312749 -0.0846377
11 rgb/1305031911.135664.png 0.997922 -0.00704984 -0.0571638 -0.0288971 0.283691 0.0341839 -0.0839882
12 rgb/1305031911.165177.png 0.99832 -0.000734586 -0.0470883 -0.0337465 0.306065 0.0458369 -0.105625
13 rgb/1305031911.197213.png 0.998816 -0.00875539 -0.0347481 -0.0328978 0.312893 0.0530461 -0.125679
14 rgb/1305031911.235651.png 0.999523 -0.0112938 -0.0167655 -0.0233319 0.309643 0.0754603 -0.156267
15 rgb/1305031911.265104.png 0.999275 -0.0300281 -0.00606348 -0.0226201 0.305121 0.110012 -0.190592
16 rgb/1305031911.297334.png 0.998697 -0.0474196 -0.000930455 -0.0188442 0.309909 0.132509 -0.203853
17 rgb/1305031911.333191.png 0.998366 -0.0514231 0.0101413 -0.0227559 0.319789 0.146011 -0.218211
18 rgb/1305031911.365235.png 0.998599 -0.0483882 0.00828695 -0.0197569 0.338742 0.151495 -0.232559
19 rgb/1305031911.397333.png 0.998851 -0.0441127 0.00399059 -0.0183018 0.35859 0.153975 -0.241159
20 rgb/1305031911.433256.png 0.998931 -0.0385077 -0.006183 -0.0248337 0.394669 0.153815 -0.250628
21 rgb/1305031911.465250.png 0.998298 -0.0355348 -0.0255616 -0.0385384 0.454059 0.152886 -0.256232
22 rgb/1305031911.497291.png 0.996068 -0.0304344 -0.058819 -0.0588431 0.547561 0.145703 -0.260554
23 rgb/1305031911.533251.png 0.995611 -0.0319193 -0.0657457 -0.0584573 0.573116 0.144781 -0.260313
24 rgb/1305031911.565335.png 0.994809 -0.031382 -0.0749897 -0.0612084 0.612999 0.140296 -0.260278
25 rgb/1305031911.597302.png 0.994139 -0.0392682 -0.0786565 -0.0629236 0.634441 0.135424 -0.251007
26 rgb/1305031911.633337.png 0.994467 -0.0379449 -0.0776795 -0.0596806 0.642102 0.133742 -0.243046
27 rgb/1305031911.665124.png 0.994719 -0.0349193 -0.0793965 -0.0548766 0.648798 0.129968 -0.242423
28 rgb/1305031911.697167.png 0.994801 -0.0351516 -0.0798365 -0.0525562 0.65229 0.128011 -0.241319
29 rgb/1305031911.733203.png 0.994753 -0.031801 -0.0805528 -0.0544689 0.663428 0.114275 -0.216821
30 rgb/1305031911.765284.png 0.994074 -0.037513 -0.083271 -0.0589531 0.662669 0.101828 -0.194148
31 rgb/1305031911.797297.png 0.993746 -0.0373142 -0.085904 -0.0608046 0.66028 0.0910097 -0.179214
32 rgb/1305031911.833338.png 0.993552 -0.0199285 -0.0920604 -0.0631065 0.651886 0.0647347 -0.148195
33 rgb/1305031911.865269.png 0.993387 -0.0172233 -0.0943544 -0.0631063 0.651904 0.0520211 -0.12628
34 rgb/1305031911.897159.png 0.992518 -0.0199498 -0.103262 -0.0620334 0.653688 0.0404542 -0.105358
35 rgb/1305031911.933063.png 0.992142 -0.0188317 -0.105516 -0.0645461 0.655227 0.0369242 -0.101099
36 rgb/1305031911.965140.png 0.990816 -0.012141 -0.113923 -0.0718229 0.659609 0.0245784 -0.0857119
37 rgb/1305031911.997252.png 0.989674 -0.00839365 -0.122475 -0.073996 0.665338 0.0137624 -0.0754796
38 rgb/1305031912.033135.png 0.986123 0.00126615 -0.143617 -0.0832742 0.678094 -0.00877346 -0.0529097
39 rgb/1305031912.065365.png 0.97902 0.0128109 -0.176112 -0.101688 0.699237 -0.0451769 -0.0205072
40 rgb/1305031912.096953.png 0.971482 0.0239085 -0.204132 -0.118246 0.71859 -0.0788006 0.00190304
41 rgb/1305031912.133282.png 0.969881 0.026507 -0.208738 -0.122704 0.724844 -0.0889574 0.0066105
42 rgb/1305031912.165138.png 0.965991 0.0381944 -0.217905 -0.133864 0.737039 -0.109309 0.0196273
43 rgb/1305031912.197357.png 0.958211 0.0464387 -0.246085 -0.138268 0.782616 -0.146797 0.0479397
44 rgb/1305031912.233265.png 0.959307 0.0470436 -0.245517 -0.131294 0.799349 -0.161892 0.0555844
45 rgb/1305031912.265090.png 0.958856 0.0521321 -0.254087 -0.115399 0.838805 -0.174135 0.0474151
46 rgb/1305031912.297250.png 0.95898 0.050207 -0.25478 -0.113683 0.864528 -0.169134 0.0337514
47 rgb/1305031912.333274.png 0.958988 0.0502288 -0.253852 -0.115665 0.870166 -0.164504 0.0286368
48 rgb/1305031912.365250.png 0.956839 0.0461186 -0.257238 -0.127123 0.899355 -0.145266 0.00584127
49 rgb/1305031912.397198.png 0.956656 0.0317511 -0.261242 -0.124719 0.957572 -0.130961 -0.0216656
50 rgb/1305031912.433290.png 0.955973 0.0364476 -0.261824 -0.127423 0.993926 -0.126398 -0.0334813
51 rgb/1305031912.465142.png 0.953941 0.0326028 -0.268764 -0.129228 1.00784 -0.127433 -0.032792
52 rgb/1305031912.497123.png 0.953347 0.0316519 -0.270767 -0.129663 1.01518 -0.12849 -0.0325703
53 rgb/1305031912.533113.png 0.947937 0.030923 -0.283408 -0.141913 1.06231 -0.122709 -0.0257826
54 rgb/1305031912.565146.png 0.944346 0.0311569 -0.29126 -0.149694 1.08783 -0.121548 -0.021575
55 rgb/1305031912.597090.png 0.942864 0.0297972 -0.29452 -0.152898 1.0958 -0.122367 -0.0195742
56 rgb/1305031912.633132.png 0.936708 0.0269625 -0.306575 -0.166921 1.15303 -0.122471 -0.0022192
57 rgb/1305031912.665220.png 0.933448 0.0189944 -0.311229 -0.177345 1.19999 -0.118435 0.018332
58 rgb/1305031912.697182.png 0.931511 0.01113 -0.314988 -0.181514 1.22337 -0.117109 0.03262
59 rgb/1305031912.733125.png 0.930772 0.0060569 -0.315409 -0.184781 1.24356 -0.116012 0.0464295
60 rgb/1305031912.765193.png 0.929042 -0.00873503 -0.318007 -0.188885 1.28384 -0.114303 0.0715244
61 rgb/1305031912.797155.png 0.929275 -0.031877 -0.305597 -0.205045 1.31615 -0.105248 0.110926
62 rgb/1305031912.833077.png 0.921961 -0.0375966 -0.315571 -0.221336 1.47221 -0.219558 0.0560224
63 rgb/1305031912.865153.png 0.922395 -0.0388707 -0.311709 -0.224753 1.47419 -0.231155 0.0792355
64 rgb/1305031912.897198.png 0.920099 -0.0347049 -0.311001 -0.235568 1.46942 -0.254777 0.113305
65 rgb/1305031912.933115.png 0.920603 -0.0339784 -0.31506 -0.228196 1.47572 -0.271618 0.132862
66 rgb/1305031912.965034.png 0.920177 -0.0323367 -0.316582 -0.228048 1.47967 -0.282043 0.142673
67 rgb/1305031912.997049.png 0.920442 -0.0311912 -0.317509 -0.225838 1.48382 -0.285185 0.147752
68 rgb/1305031913.033133.png 0.914061 -0.033276 -0.334358 -0.227133 1.49969 -0.31222 0.19615
69 rgb/1305031913.065209.png 0.904143 -0.0248675 -0.354805 -0.236687 1.51274 -0.336211 0.215775
70 rgb/1305031913.097038.png 0.900989 -0.0212816 -0.359681 -0.241654 1.51741 -0.343222 0.220287
71 rgb/1305031913.133146.png 0.888609 -0.00798152 -0.379518 -0.257444 1.5399 -0.368202 0.239997
72 rgb/1305031913.165211.png 0.880769 -0.00330326 -0.392899 -0.264323 1.56356 -0.396512 0.266006
73 rgb/1305031913.197113.png 0.879336 -0.00093822 -0.395269 -0.265576 1.57 -0.400257 0.273002
74 rgb/1305031913.233126.png 0.8689 0.0039981 -0.412185 -0.274047 1.60398 -0.425446 0.309019
75 rgb/1305031913.265022.png 0.864648 0.00461745 -0.419924 -0.27573 1.61228 -0.43014 0.318765
76 rgb/1305031913.297160.png 0.862273 0.00382371 -0.425357 -0.274849 1.6177 -0.437831 0.327071
77 rgb/1305031913.333122.png 0.861766 0.00347215 -0.427497 -0.27312 1.62009 -0.441759 0.332034
78 rgb/1305031913.365070.png 0.859254 0.0149013 -0.439011 -0.262165 1.61831 -0.47902 0.357308
79 rgb/1305031913.397099.png 0.861344 0.0273534 -0.438117 -0.25572 1.60978 -0.501721 0.368758
80 rgb/1305031913.433081.png 0.859908 0.045083 -0.439223 -0.256145 1.57817 -0.540242 0.376438
81 rgb/1305031913.465231.png 0.856102 0.0832581 -0.454958 -0.230589 1.55793 -0.569693 0.396883
82 rgb/1305031913.497227.png 0.855063 0.082784 -0.459127 -0.226311 1.55462 -0.577987 0.403073
83 rgb/1305031913.533297.png 0.853203 0.0958439 -0.469257 -0.206535 1.54159 -0.605463 0.428881
84 rgb/1305031913.565261.png 0.84257 0.0902665 -0.483186 -0.220135 1.54856 -0.720744 0.438384
85 rgb/1305031913.597139.png 0.834037 0.095984 -0.496153 -0.221364 1.54973 -0.74619 0.459126
86 rgb/1305031913.633293.png 0.831293 0.0972782 -0.500282 -0.221826 1.55214 -0.753018 0.466779
87 rgb/1305031913.665421.png 0.805284 0.102346 -0.53109 -0.242871 1.58122 -0.795954 0.522342
88 rgb/1305031913.697243.png 0.793158 0.098431 -0.544247 -0.254965 1.60402 -0.819219 0.563137
89 rgb/1305031913.733097.png 0.790855 0.0961085 -0.546533 -0.258098 1.60883 -0.826274 0.57434
90 rgb/1305031913.765028.png 0.784312 0.0743991 -0.551643 -0.273879 1.6395 -0.85025 0.650543
91 rgb/1305031913.797106.png 0.778988 0.0611474 -0.557795 -0.279829 1.65433 -0.873512 0.707795
92 rgb/1305031913.833143.png 0.779667 0.0568711 -0.557356 -0.279715 1.65532 -0.88616 0.732348
93 rgb/1305031913.865063.png 0.783669 0.0665934 -0.555594 -0.269712 1.64751 -0.837273 0.779177
94 rgb/1305031913.897116.png 0.784757 0.0707192 -0.551643 -0.273579 1.63828 -0.845804 0.792006
95 rgb/1305031913.933123.png 0.785251 0.072319 -0.549825 -0.275398 1.63305 -0.849408 0.797452
96 rgb/1305031913.965134.png 0.785506 0.0702097 -0.548979 -0.276901 1.62379 -0.854136 0.808112
97 rgb/1305031913.997116.png 0.78334 0.0722537 -0.549963 -0.280532 1.60662 -0.876365 0.837982
98 rgb/1305031914.033441.png 0.783037 0.056928 -0.547049 -0.29043 1.59209 -0.886204 0.891299
99 rgb/1305031914.065072.png 0.778868 0.0499491 -0.551475 -0.294526 1.58932 -0.891149 0.913915
100 rgb/1305031914.097126.png 0.764171 0.0482305 -0.56729 -0.303149 1.59875 -0.90036 0.946265
101 rgb/1305031914.133245.png 0.740274 0.044475 -0.590716 -0.317918 1.61898 -0.903467 0.990184
102 rgb/1305031914.165013.png 0.734492 0.0444766 -0.595319 -0.322706 1.62211 -0.908292 0.999805
103 rgb/1305031914.197110.png 0.719453 0.0541227 -0.604797 -0.337165 1.65501 -0.9215 1.05315
104 rgb/1305031914.233108.png 0.716053 0.0496545 -0.608062 -0.339212 1.65848 -0.92326 1.05926
105 rgb/1305031914.265074.png 0.707739 0.0376694 -0.617968 -0.340298 1.6712 -0.928659 1.07556
106 rgb/1305031914.297165.png 0.698495 0.0271253 -0.629662 -0.338962 1.71383 -0.931116 1.0924
107 rgb/1305031914.333148.png 0.697656 0.0232803 -0.63164 -0.337291 1.74905 -0.928185 1.09299
108 rgb/1305031914.365058.png 0.697772 0.0211843 -0.631478 -0.337495 1.75675 -0.929452 1.09213
109 rgb/1305031914.397215.png 0.69934 0.0142325 -0.628992 -0.339252 1.84516 -0.923387 1.08281
110 rgb/1305031914.433060.png 0.705236 0.0125015 -0.620632 -0.342496 1.8936 -0.919671 1.08419
111 rgb/1305031914.465054.png 0.706768 0.00657873 -0.619158 -0.34217 1.90186 -0.917391 1.083
112 rgb/1305031914.497127.png 0.712812 -0.00616183 -0.607288 -0.350805 1.9658 -0.915212 1.1047
113 rgb/1305031914.533107.png 0.715706 -0.00781015 -0.602518 -0.353096 1.9883 -0.918278 1.1178
114 rgb/1305031914.565001.png 0.716851 -0.00785241 -0.600751 -0.353782 1.99532 -0.918877 1.12025
115 rgb/1305031914.597122.png 0.717563 -0.00849201 -0.599898 -0.353772 2.00298 -0.919376 1.12371
116 rgb/1305031914.633055.png 0.706085 -0.00898211 -0.608491 -0.362083 2.04712 -0.93333 1.15643
117 rgb/1305031914.665019.png 0.691505 -0.0193996 -0.621009 -0.368501 2.09167 -0.95796 1.20919
118 rgb/1305031914.697129.png 0.680627 -0.0277305 -0.629512 -0.373756 2.12053 -0.967998 1.2444
119 rgb/1305031914.733078.png 0.674492 -0.0346658 -0.633635 -0.377316 2.13283 -0.971486 1.26245
120 rgb/1305031914.764901.png 0.672444 -0.0367981 -0.634657 -0.379047 2.13552 -0.974395 1.26826
121 rgb/1305031914.797119.png 0.669705 -0.0385218 -0.635636 -0.382073 2.14441 -0.979623 1.28253
122 rgb/1305031914.833133.png 0.672753 -0.0380763 -0.634305 -0.378961 2.15921 -0.997117 1.31752
123 rgb/1305031914.865128.png 0.674496 -0.037552 -0.633303 -0.377589 2.15941 -0.998192 1.32152
124 rgb/1305031914.897188.png 0.67636 -0.0369541 -0.632459 -0.375723 2.16068 -0.998056 1.32419
125 rgb/1305031914.933099.png 0.684209 -0.0337568 -0.626381 -0.371977 2.1577 -1.01356 1.35014
126 rgb/1305031914.964978.png 0.684524 -0.0338843 -0.623939 -0.375473 2.14865 -1.0174 1.35826
127 rgb/1305031914.997078.png 0.68476 -0.0324388 -0.622818 -0.37703 2.14415 -1.01719 1.36047
128 rgb/1305031915.033152.png 0.687017 -0.03352 -0.618505 -0.379917 2.108 -1.02369 1.37633
129 rgb/1305031915.065009.png 0.687631 -0.0324057 -0.617988 -0.379745 2.10189 -1.02204 1.37887
130 rgb/1305031915.097024.png 0.689804 -0.0352299 -0.617651 -0.376082 2.077 -1.02393 1.38361
131 rgb/1305031915.133208.png 0.693296 -0.0265364 -0.614699 -0.375212 1.982 -1.04543 1.39097
132 rgb/1305031915.165021.png 0.696109 -0.0268149 -0.615406 -0.368769 1.91785 -1.05901 1.3995
133 rgb/1305031915.197108.png 0.697175 -0.0252429 -0.615108 -0.36736 1.90407 -1.05953 1.40498
134 rgb/1305031915.233111.png 0.699783 -0.0277569 -0.61324 -0.365337 1.88587 -1.0618 1.41085
135 rgb/1305031915.264979.png 0.700147 -0.0282419 -0.612793 -0.365354 1.87498 -1.06276 1.41354
136 rgb/1305031915.297152.png 0.700121 -0.0242868 -0.614286 -0.363175 1.84191 -1.07055 1.42004
137 rgb/1305031915.333207.png 0.657658 0.00843108 -0.664832 -0.354139 1.70935 -1.14359 1.45961
138 rgb/1305031915.365050.png 0.6152 0.0326755 -0.693706 -0.373141 1.60257 -1.22292 1.49557
139 rgb/1305031915.397167.png 0.605269 0.0374593 -0.698205 -0.38047 1.57771 -1.2369 1.50262
140 rgb/1305031915.432960.png 0.580105 0.0449847 -0.713752 -0.38989 1.52457 -1.26418 1.50881
141 rgb/1305031915.464920.png 0.566559 0.0255525 -0.726151 -0.38867 1.50066 -1.27287 1.50933
142 rgb/1305031915.497121.png 0.55648 0.0105356 -0.73418 -0.388845 1.47254 -1.28461 1.51407
143 rgb/1305031915.533058.png 0.553535 0.000678922 -0.737705 -0.386511 1.44673 -1.29367 1.52199
144 rgb/1305031915.564985.png 0.555364 -0.00117655 -0.737198 -0.384851 1.42407 -1.29986 1.52636
145 rgb/1305031915.601161.png 0.555903 0.000489653 -0.734457 -0.38929 1.39817 -1.30633 1.52112
146 rgb/1305031915.633062.png 0.553787 0.00488943 -0.733387 -0.394261 1.33592 -1.33226 1.51765
147 rgb/1305031915.665003.png 0.560405 0.0124407 -0.731907 -0.387434 1.31622 -1.34097 1.51191
148 rgb/1305031915.701106.png 0.563172 0.0144571 -0.735922 -0.375564 1.2786 -1.35212 1.51152
149 rgb/1305031915.733046.png 0.56439 0.0144132 -0.735877 -0.373822 1.26843 -1.35495 1.51523
150 rgb/1305031915.765010.png 0.566652 0.0151558 -0.734722 -0.37264 1.2596 -1.3577 1.5164
151 rgb/1305031915.801243.png 0.562252 0.0162125 -0.73629 -0.37615 1.21533 -1.36754 1.52051
152 rgb/1305031915.833049.png 0.559724 0.0181535 -0.740198 -0.372139 1.19398 -1.37479 1.52519
153 rgb/1305031915.865069.png 0.523404 0.0210317 -0.76771 -0.369093 1.11211 -1.40362 1.55257
154 rgb/1305031915.901234.png 0.518882 0.0246424 -0.770966 -0.368467 1.10153 -1.41121 1.55416
155 rgb/1305031915.933056.png 0.500314 0.0320739 -0.783374 -0.367403 1.06157 -1.43797 1.56769
156 rgb/1305031915.965061.png -0.479173 -0.0434051 0.792589 0.374584 1.00753 -1.4611 1.58228
157 rgb/1305031916.001234.png -0.471576 -0.0402558 0.798149 0.372767 0.97952 -1.47139 1.58674
158 rgb/1305031916.033043.png -0.46887 -0.0456566 0.803496 0.363968 0.95298 -1.48026 1.59034
159 rgb/1305031916.065060.png -0.468637 -0.0462933 0.804624 0.361689 0.944271 -1.48253 1.59312
160 rgb/1305031916.101115.png -0.483131 -0.0699957 0.802342 0.343415 0.923472 -1.4722 1.58926
161 rgb/1305031916.133093.png -0.472574 -0.133413 0.761885 0.422383 1.02859 -1.52331 1.38745
162 rgb/1305031916.165155.png -0.463533 -0.129782 0.76539 0.427171 1.0191 -1.52888 1.39636
163 rgb/1305031916.201031.png -0.454138 -0.143506 0.770057 0.424474 1.06495 -1.47325 1.412
164 rgb/1305031916.233050.png -0.419966 -0.129711 0.781037 0.443607 1.04809 -1.487 1.44898
165 rgb/1305031916.265060.png -0.416762 -0.125708 0.782245 0.445647 1.04861 -1.48856 1.45305
166 rgb/1305031916.301076.png -0.401558 -0.118143 0.785844 0.455241 1.06128 -1.50216 1.48351
167 rgb/1305031916.333426.png -0.399441 -0.116214 0.786307 0.456798 1.0672 -1.50318 1.48742
168 rgb/1305031916.365121.png -0.397868 -0.116877 0.786683 0.457354 1.10295 -1.48874 1.50362
169 rgb/1305031916.401006.png -0.402994 -0.11657 0.78422 0.457174 1.13628 -1.49788 1.52097
170 rgb/1305031916.433168.png -0.412568 -0.110374 0.768552 0.476377 1.1603 -1.4616 1.53829
171 rgb/1305031916.465124.png -0.429303 -0.106471 0.754879 0.484275 1.19921 -1.50804 1.60566
172 rgb/1305031916.501025.png -0.418077 -0.109359 0.758593 0.487638 1.20079 -1.5262 1.63329
173 rgb/1305031916.533266.png -0.414675 -0.109867 0.759698 0.488708 1.2003 -1.53201 1.64105
174 rgb/1305031916.565142.png -0.38783 -0.100295 0.769347 0.497631 1.19044 -1.56578 1.70233
175 rgb/1305031916.601238.png -0.383406 -0.0961602 0.770352 0.500312 1.18778 -1.57107 1.71365
176 rgb/1305031916.633156.png -0.378588 -0.0924954 0.770981 0.503693 1.18222 -1.57627 1.72721
177 rgb/1305031916.665139.png -0.359981 -0.0957305 0.760044 0.532527 1.1595 -1.59101 1.79845
178 rgb/1305031916.701048.png -0.358312 -0.0904712 0.757416 0.538285 1.16085 -1.59086 1.81014
179 rgb/1305031916.733056.png -0.348798 -0.0757083 0.76122 0.541437 1.16816 -1.59938 1.82691
180 rgb/1305031916.765076.png -0.346881 -0.0718982 0.762205 0.541802 1.17084 -1.60352 1.83385
181 rgb/1305031916.801088.png -0.346278 -0.0620044 0.758726 0.548255 1.20163 -1.61539 1.86545
182 rgb/1305031916.833266.png -0.348515 -0.058739 0.753991 0.553703 1.22818 -1.62019 1.8845
183 rgb/1305031916.865085.png -0.34992 -0.0429259 0.751284 0.557932 1.26423 -1.6237 1.90268
184 rgb/1305031916.901017.png -0.352501 -0.0270349 0.745001 0.565675 1.28911 -1.63398 1.92718
185 rgb/1305031916.933088.png -0.35473 -0.0330185 0.743513 0.565921 1.30158 -1.63601 1.93246
186 rgb/1305031916.965054.png -0.365266 -0.0370454 0.729885 0.57661 1.35574 -1.64314 1.95469
187 rgb/1305031917.001132.png -0.367432 -0.0395021 0.724957 0.581269 1.37746 -1.65072 1.97127
188 rgb/1305031917.033155.png -0.373112 -0.0382499 0.716977 0.587597 1.40393 -1.6593 1.98331
189 rgb/1305031917.065136.png -0.373402 -0.0380164 0.714568 0.590356 1.42219 -1.66711 1.99271
190 rgb/1305031917.101130.png -0.371923 -0.0314537 0.714227 0.592086 1.425 -1.68006 2.01504
191 rgb/1305031917.133106.png -0.373426 -0.0313437 0.713439 0.592096 1.42553 -1.68509 2.02293
192 rgb/1305031917.165045.png -0.380966 -0.0341916 0.709783 0.591529 1.42722 -1.69997 2.04286
193 rgb/1305031917.201175.png -0.38259 -0.0343177 0.709311 0.591039 1.42879 -1.70519 2.05088
194 rgb/1305031917.233102.png -0.38674 -0.0358482 0.70737 0.590573 1.42471 -1.74693 2.09315
195 rgb/1305031917.265163.png -0.38555 -0.032953 0.708435 0.590243 1.42171 -1.76994 2.11405
196 rgb/1305031917.301107.png -0.388827 -0.0367125 0.708128 0.588237 1.42049 -1.79173 2.13547
197 rgb/1305031917.333229.png -0.39019 -0.0380301 0.707893 0.587534 1.42149 -1.79751 2.14217
198 rgb/1305031917.365138.png -0.391172 -0.0371972 0.708746 0.585903 1.42219 -1.81569 2.1605
199 rgb/1305031917.401065.png -0.393765 -0.0381006 0.708935 0.583875 1.41779 -1.83373 2.18051
200 rgb/1305031917.433141.png -0.397413 -0.0409807 0.70677 0.583834 1.41421 -1.84821 2.19341
201 rgb/1305031917.465076.png -0.396827 -0.0416716 0.710138 0.580085 1.41563 -1.86321 2.20583
202 rgb/1305031917.501158.png -0.396338 -0.0393141 0.712161 0.578101 1.41767 -1.8697 2.21245
203 rgb/1305031917.533057.png -0.395759 -0.0385444 0.712067 0.578663 1.41812 -1.87537 2.22386
204 rgb/1305031917.565195.png -0.398122 -0.0359984 0.708116 0.582046 1.41715 -1.87738 2.23225
205 rgb/1305031917.601069.png -0.397044 -0.0345814 0.706938 0.584296 1.41004 -1.88127 2.23901
206 rgb/1305031917.633090.png -0.396525 -0.034256 0.706777 0.584862 1.40652 -1.88521 2.24331
207 rgb/1305031917.665060.png -0.395875 -0.0348963 0.706906 0.585108 1.4047 -1.88639 2.2442
208 rgb/1305031917.701096.png -0.395359 -0.0362687 0.70842 0.58354 1.4023 -1.89252 2.24653
209 rgb/1305031917.733003.png -0.395002 -0.0381409 0.709384 0.582491 1.40114 -1.89711 2.24827
210 rgb/1305031917.765114.png -0.395342 -0.0384837 0.709729 0.581817 1.40057 -1.89918 2.24947
211 rgb/1305031917.801048.png -0.394414 -0.0405113 0.710386 0.581507 1.39801 -1.904 2.25102
212 rgb/1305031917.833090.png -0.393793 -0.0443887 0.709994 0.582123 1.39207 -1.91379 2.2554
213 rgb/1305031917.865107.png -0.396138 -0.046485 0.709269 0.581252 1.3875 -1.91956 2.25599
214 rgb/1305031917.901060.png -0.397242 -0.044652 0.70895 0.581031 1.38436 -1.92086 2.256
215 rgb/1305031917.932948.png -0.398182 -0.0434444 0.70872 0.580759 1.37621 -1.9229 2.25556
216 rgb/1305031917.965346.png -0.400452 -0.043177 0.707767 0.580382 1.3639 -1.92494 2.25315
217 rgb/1305031918.001098.png -0.402564 -0.0433093 0.706339 0.58065 1.35502 -1.92374 2.25118
218 rgb/1305031918.033144.png -0.403349 -0.0444119 0.705587 0.580937 1.3518 -1.92254 2.24978
219 rgb/1305031918.065137.png -0.405672 -0.0459702 0.703747 0.581429 1.33545 -1.91839 2.24152
220 rgb/1305031918.101060.png -0.408112 -0.0451541 0.702173 0.581689 1.32584 -1.91646 2.23677
221 rgb/1305031918.133054.png -0.410221 -0.0454709 0.701106 0.581467 1.32059 -1.91561 2.23387
222 rgb/1305031918.165017.png -0.412295 -0.0474507 0.70038 0.580716 1.31091 -1.91384 2.2249
223 rgb/1305031918.201086.png -0.411194 -0.0499836 0.700779 0.580804 1.30625 -1.91336 2.22044
224 rgb/1305031918.233042.png -0.410822 -0.0518554 0.701123 0.580487 1.302 -1.91295 2.2162
225 rgb/1305031918.265256.png -0.416373 -0.0539135 0.702774 0.574316 1.27559 -1.90706 2.18987
226 rgb/1305031918.301124.png -0.411269 -0.0531742 0.705931 0.57419 1.26165 -1.90084 2.17392
227 rgb/1305031918.333165.png -0.410447 -0.0538648 0.706713 0.573752 1.25939 -1.89864 2.16905
228 rgb/1305031918.365072.png -0.40864 -0.0530297 0.709005 0.57229 1.24708 -1.89247 2.155
229 rgb/1305031918.401030.png -0.402872 -0.0552144 0.715296 0.568331 1.23247 -1.88963 2.13554
230 rgb/1305031918.433043.png -0.398754 -0.0540495 0.717481 0.568592 1.22588 -1.89094 2.12859
231 rgb/1305031918.465089.png -0.395701 -0.05497 0.718716 0.569077 1.22225 -1.89216 2.12591
232 rgb/1305031918.501125.png -0.392727 -0.0566656 0.72008 0.569247 1.21938 -1.89356 2.12204
233 rgb/1305031918.533134.png -0.38528 -0.0550461 0.724071 0.569432 1.21494 -1.89571 2.1122
234 rgb/1305031918.565018.png -0.373826 -0.0449893 0.726633 0.574663 1.20937 -1.89824 2.10787
235 rgb/1305031918.601029.png -0.352749 -0.0415251 0.731015 0.582635 1.17995 -1.90957 2.0961
236 rgb/1305031918.633027.png -0.343835 -0.0458217 0.732685 0.585536 1.16828 -1.91606 2.08915
237 rgb/1305031918.665112.png -0.335527 -0.0548987 0.736403 0.584911 1.16252 -1.92397 2.08384
238 rgb/1305031918.701017.png -0.33281 -0.0584581 0.737696 0.584489 1.16146 -1.92729 2.08147
239 rgb/1305031918.765151.png -0.327011 -0.0624893 0.740409 0.583914 1.15568 -1.93369 2.07452
240 rgb/1305031918.801097.png -0.322436 -0.0643487 0.743785 0.581963 1.1495 -1.93967 2.06899
241 rgb/1305031918.833123.png -0.317849 -0.0695869 0.748501 0.577822 1.13828 -1.9496 2.06289
242 rgb/1305031918.865115.png -0.319582 -0.0727928 0.75072 0.573578 1.13266 -1.95495 2.05883
243 rgb/1305031918.901084.png -0.317146 -0.0722125 0.754456 0.570089 1.13013 -1.96349 2.0517
244 rgb/1305031918.933071.png -0.315176 -0.0706237 0.755245 0.570336 1.12704 -1.96861 2.04868
245 rgb/1305031918.965058.png -0.314671 -0.0695433 0.751615 0.57552 1.12251 -1.9737 2.04542
246 rgb/1305031919.001053.png -0.31122 -0.0684594 0.752021 0.576994 1.12123 -1.97784 2.03842
247 rgb/1305031919.033082.png -0.309587 -0.0679327 0.754794 0.574308 1.10919 -1.9884 2.02672
248 rgb/1305031919.065147.png -0.312556 -0.0707356 0.758485 0.567458 1.10269 -1.99912 2.0163
249 rgb/1305031919.101028.png -0.313671 -0.0724198 0.759407 0.565393 1.10182 -2.00183 2.01413
250 rgb/1305031919.133133.png -0.315937 -0.0745038 0.764221 0.557316 1.09977 -2.013 2.00251
251 rgb/1305031919.165110.png -0.31266 -0.069224 0.767063 0.555939 1.10095 -2.01679 2.00105
252 rgb/1305031919.201124.png -0.310145 -0.0660438 0.768231 0.556122 1.09624 -2.01967 2.00017
253 rgb/1305031919.233093.png -0.311461 -0.0675709 0.772883 0.548708 1.08699 -2.03651 2.00553
254 rgb/1305031919.265125.png -0.311993 -0.0681188 0.774222 0.546446 1.08201 -2.04715 2.01403
255 rgb/1305031919.301119.png -0.312423 -0.0693262 0.773963 0.546415 1.07895 -2.05075 2.01717
256 rgb/1305031919.333120.png -0.316733 -0.0761195 0.773478 0.543709 1.07396 -2.06687 2.03031
257 rgb/1305031919.364948.png -0.319321 -0.0765396 0.773848 0.541607 1.06805 -2.08429 2.05201
258 rgb/1305031919.401124.png -0.319956 -0.0777651 0.773312 0.541822 1.06546 -2.08947 2.05782
259 rgb/1305031919.433256.png -0.327909 -0.0848073 0.7689 0.54229 1.0648 -2.10378 2.08231
260 rgb/1305031919.465070.png -0.328767 -0.0833906 0.767691 0.543702 1.06465 -2.1067 2.08923
261 rgb/1305031919.501049.png -0.329572 -0.0816299 0.760846 0.553023 1.05924 -2.11555 2.11794
262 rgb/1305031919.533110.png -0.330769 -0.0822501 0.75906 0.554669 1.05722 -2.11801 2.1242
263 rgb/1305031919.565165.png -0.33316 -0.0834905 0.757633 0.555003 1.05671 -2.12045 2.13091
264 rgb/1305031919.601094.png -0.336566 -0.0852674 0.756205 0.554626 1.05595 -2.12306 2.13726
265 rgb/1305031919.633127.png -0.349479 -0.0893774 0.752867 0.550518 1.06686 -2.12812 2.15501
266 rgb/1305031919.665042.png -0.351663 -0.0802935 0.750099 0.554293 1.07834 -2.13197 2.17375
267 rgb/1305031919.701092.png -0.354942 -0.0767025 0.746896 0.55703 1.08307 -2.13506 2.18484
268 rgb/1305031919.733117.png -0.357931 -0.076127 0.74507 0.557641 1.08717 -2.13654 2.19007
269 rgb/1305031919.765060.png -0.365224 -0.0757749 0.7409 0.558516 1.09372 -2.13837 2.19906
270 rgb/1305031919.801129.png -0.388596 -0.0633543 0.732163 0.555805 1.13196 -2.14542 2.22991
271 rgb/1305031919.833072.png -0.408748 -0.0409907 0.719508 0.55996 1.15678 -2.1497 2.26547
272 rgb/1305031919.865180.png -0.417304 -0.0400359 0.715198 0.55924 1.15914 -2.15644 2.28301
273 rgb/1305031919.901067.png -0.420452 -0.0399556 0.713231 0.5594 1.16069 -2.15959 2.28879
274 rgb/1305031919.933102.png -0.422562 -0.0409345 0.711489 0.559957 1.16081 -2.16209 2.29269
275 rgb/1305031919.965129.png -0.427586 -0.0410481 0.709956 0.558078 1.15706 -2.17621 2.31093
276 rgb/1305031920.001054.png -0.423846 -0.0435385 0.711986 0.558155 1.15596 -2.19164 2.32963
277 rgb/1305031920.033118.png -0.419087 -0.0443483 0.71255 0.560958 1.15439 -2.20229 2.3432
278 rgb/1305031920.065136.png -0.386893 -0.0478943 0.710663 0.585645 1.12606 -2.23978 2.39566
279 rgb/1305031920.101055.png -0.372724 -0.0433007 0.70836 0.597855 1.10091 -2.26736 2.43775
280 rgb/1305031920.132987.png -0.372147 -0.0409105 0.707693 0.599172 1.09607 -2.2707 2.44445
281 rgb/1305031920.165140.png -0.370995 -0.0391142 0.707216 0.600568 1.09317 -2.27477 2.45099
282 rgb/1305031920.201166.png -0.364307 -0.0358579 0.703867 0.608744 1.07446 -2.28613 2.48234
283 rgb/1305031920.233083.png -0.365793 -0.0259365 0.702512 0.609921 1.06508 -2.29213 2.49858
284 rgb/1305031920.265120.png -0.366338 -0.0231517 0.70128 0.611122 1.06222 -2.29373 2.5036
285 rgb/1305031920.301096.png -0.372126 -0.0252149 0.696629 0.61286 1.0428 -2.2976 2.52071
286 rgb/1305031920.333124.png -0.372317 -0.0241179 0.696421 0.613025 1.03559 -2.30031 2.52556
287 rgb/1305031920.365130.png -0.379787 -0.0238779 0.694908 0.610162 1.02069 -2.30436 2.53595
288 rgb/1305031920.401115.png -0.379338 -0.0183956 0.693461 0.612274 1.00481 -2.30397 2.54221
289 rgb/1305031920.433123.png -0.378207 -0.0214525 0.692806 0.613614 0.979908 -2.30583 2.54547
290 rgb/1305031920.465148.png -0.372186 -0.0249119 0.692031 0.618024 0.957579 -2.30704 2.54416
291 rgb/1305031920.501107.png -0.370811 -0.0239144 0.691693 0.619267 0.951741 -2.30693 2.54349
292 rgb/1305031920.533105.png -0.364127 -0.021271 0.691374 0.62367 0.934457 -2.30638 2.54087
293 rgb/1305031920.565153.png -0.355307 -0.0259196 0.69296 0.626814 0.917775 -2.30729 2.53855
294 rgb/1305031920.633105.png -0.353264 -0.0255651 0.694076 0.626748 0.91234 -2.30818 2.53802
295 rgb/1305031920.665129.png -0.348703 -0.0255628 0.695669 0.627536 0.895799 -2.31131 2.53738
296 rgb/1305031920.701147.png -0.347082 -0.0266329 0.696025 0.627994 0.878261 -2.30957 2.53714
297 rgb/1305031920.733091.png -0.34434 -0.0231424 0.697547 0.627953 0.869224 -2.31051 2.53773
298 rgb/1305031920.765152.png -0.30841 -0.0104781 0.709257 0.633823 0.801916 -2.31327 2.54113
299 rgb/1305031920.801031.png -0.297179 -0.00923607 0.710828 0.637437 0.785376 -2.31812 2.54402
300 rgb/1305031920.833132.png -0.286039 -0.012279 0.713129 0.639908 0.77317 -2.32295 2.54572
301 rgb/1305031920.865163.png -0.274087 -0.0144465 0.717539 0.640163 0.755092 -2.3351 2.55042
302 rgb/1305031920.901037.png -0.269677 -0.0125915 0.718313 0.641207 0.749341 -2.34034 2.55294
303 rgb/1305031920.933077.png -0.265049 -0.010955 0.718606 0.642836 0.741942 -2.3437 2.55504
304 rgb/1305031920.965217.png -0.249484 -0.0206048 0.719567 0.647734 0.714479 -2.36317 2.56433
305 rgb/1305031921.001108.png -0.243461 -0.0194585 0.719795 0.649806 0.701917 -2.37304 2.57106
306 rgb/1305031921.033111.png -0.239424 -0.0190651 0.719698 0.651422 0.695299 -2.37813 2.57481
307 rgb/1305031921.065147.png -0.22645 -0.0184296 0.717885 0.658046 0.664095 -2.39932 2.59446
308 rgb/1305031921.101105.png -0.223144 -0.0172598 0.717491 0.659635 0.657891 -2.40281 2.59847
309 rgb/1305031921.133159.png -0.217263 -0.020017 0.717087 0.661956 0.633895 -2.41797 2.61516
310 rgb/1305031921.165116.png -0.211923 -0.0154805 0.717969 0.662853 0.610025 -2.43555 2.63372
311 rgb/1305031921.201159.png -0.20515 -0.010793 0.721023 0.66176 0.589262 -2.45014 2.6501
312 rgb/1305031921.233189.png -0.204024 -0.0100052 0.721468 0.661635 0.585345 -2.45125 2.65168
313 rgb/1305031921.265164.png -0.205478 -0.00718017 0.722823 0.659741 0.55284 -2.46027 2.65958
314 rgb/1305031921.301188.png -0.205633 -0.00751034 0.722651 0.659877 0.549461 -2.45916 2.65929
315 rgb/1305031921.333158.png -0.204966 -0.00773125 0.722843 0.659872 0.535766 -2.45775 2.65914
316 rgb/1305031921.365112.png -0.201355 -0.0100513 0.724707 0.658908 0.520849 -2.45622 2.65742
317 rgb/1305031921.401108.png -0.199023 -0.00877391 0.723314 0.661161 0.510832 -2.45614 2.65734
318 rgb/1305031921.433143.png -0.17922 -0.0157544 0.713645 0.677013 0.459574 -2.45635 2.66517
319 rgb/1305031921.465014.png -0.173346 -0.0163426 0.710966 0.681333 0.448568 -2.4542 2.6669
320 rgb/1305031921.501096.png -0.168128 -0.0158949 0.70976 0.683904 0.417326 -2.45825 2.67072
321 rgb/1305031921.533099.png -0.166339 -0.0173764 0.709223 0.684861 0.410875 -2.46135 2.67153
322 rgb/1305031921.565119.png -0.167376 -0.023971 0.709227 0.684406 0.376115 -2.46958 2.6745
323 rgb/1305031921.601114.png -0.165572 -0.0248031 0.709753 0.68427 0.369495 -2.47168 2.67366
324 rgb/1305031921.633107.png -0.163916 -0.0305386 0.711598 0.682518 0.355951 -2.47604 2.67142
325 rgb/1305031921.701068.png -0.150829 -0.0343165 0.727693 0.668236 0.318215 -2.49192 2.65588
326 rgb/1305031921.733068.png -0.123188 -0.016594 0.741954 0.65883 0.308384 -2.50084 2.60849
327 rgb/1305031921.765060.png -0.113931 -0.0244919 0.749693 0.651448 0.306725 -2.50944 2.59138
328 rgb/1305031921.801034.png -0.0849189 -0.0202313 0.752947 0.652268 0.289094 -2.52459 2.54158
329 rgb/1305031921.833122.png -0.0720078 -0.0189078 0.752326 0.654573 0.273761 -2.53788 2.52181
330 rgb/1305031921.865148.png -0.0524986 -0.0201773 0.740592 0.6696 0.25491 -2.54046 2.496
331 rgb/1305031921.901117.png -0.0241638 -0.0210268 0.748397 0.66248 0.169806 -2.59005 2.40265
332 rgb/1305031921.933132.png -0.00928791 -0.0171297 0.741112 0.671101 0.147195 -2.59857 2.38164
333 rgb/1305031921.965107.png 0.00964907 -0.0208974 0.740971 0.671146 0.0719559 -2.65798 2.29969
334 rgb/1305031922.001101.png -5.92937e-05 -0.0313847 0.761582 0.647311 0.050056 -2.69616 2.25692
335 rgb/1305031922.033170.png -0.000600141 -0.0233088 0.788413 0.614707 0.0338842 -2.72391 2.23614
336 rgb/1305031922.101032.png -0.00737602 -0.027972 0.795084 0.605812 0.0322105 -2.72784 2.2141
337 rgb/1305031922.133245.png -0.00785017 -0.0289356 0.796467 0.603941 0.0304905 -2.72888 2.20948
338 rgb/1305031922.165062.png -0.0208849 -0.0313147 0.808106 0.587837 0.0204843 -2.73839 2.18355
339 rgb/1305031922.201057.png -0.0238276 -0.0343837 0.808708 0.586724 0.0236557 -2.73664 2.18098
340 rgb/1305031922.233248.png -0.0262706 -0.036107 0.806933 0.588955 0.0293033 -2.72227 2.18915
341 rgb/1305031922.265183.png -0.0167592 -0.0430118 0.800522 0.597526 0.0212006 -2.70704 2.19775
342 rgb/1305031922.301137.png -0.0139352 -0.0535713 0.797234 0.60113 0.0232561 -2.69395 2.20709
343 rgb/1305031922.333215.png -0.00164615 -0.051801 0.793327 0.606589 0.0092805 -2.68282 2.22028
344 rgb/1305031922.365143.png 0.00739746 -0.0518241 0.790956 0.609633 -0.006633 -2.67275 2.2396
345 rgb/1305031922.401139.png 0.023634 -0.0567732 0.788015 0.61258 -0.0383028 -2.66808 2.26409
346 rgb/1305031922.465219.png 0.0401915 -0.0390342 0.78178 0.621036 -0.0960591 -2.66284 2.29386
347 rgb/1305031922.501312.png 0.0384211 -0.0411257 0.781281 0.621641 -0.117499 -2.65888 2.30781
348 rgb/1305031922.533139.png 0.0375365 -0.0410921 0.780899 0.622176 -0.122908 -2.65656 2.31334
349 rgb/1305031922.565031.png 0.0386107 -0.0413095 0.778786 0.62474 -0.141645 -2.64993 2.32864
350 rgb/1305031922.601111.png 0.0374028 -0.0444084 0.775842 0.628253 -0.157134 -2.64427 2.33899
351 rgb/1305031922.665318.png 0.0317247 -0.0495497 0.772844 0.631866 -0.182681 -2.63518 2.36244
352 rgb/1305031922.701355.png 0.0314675 -0.0496656 0.772377 0.632441 -0.187402 -2.63426 2.36753
353 rgb/1305031922.733235.png 0.031285 -0.0500498 0.7717 0.633245 -0.19234 -2.63374 2.37205
354 rgb/1305031922.765373.png 0.0326859 -0.0633317 0.7646 0.640556 -0.21925 -2.62746 2.41068
355 rgb/1305031922.801220.png 0.0326428 -0.0634526 0.763896 0.641385 -0.222141 -2.6265 2.41736
356 rgb/1305031922.833262.png 0.0351634 -0.056071 0.757911 0.648995 -0.261255 -2.62245 2.45253
357 rgb/1305031922.865045.png 0.0361946 -0.0519731 0.757565 0.649684 -0.276122 -2.62342 2.46625
358 rgb/1305031922.901109.png 0.0285841 -0.0458313 0.738822 0.671735 -0.323107 -2.58172 2.51107
359 rgb/1305031922.965220.png 0.0269904 -0.0470521 0.728343 0.683065 -0.34478 -2.53775 2.53108
360 rgb/1305031923.001054.png 0.0251742 -0.046559 0.72747 0.684098 -0.345592 -2.5298 2.53139
361 rgb/1305031923.065085.png 0.020482 -0.035975 0.726237 0.6862 -0.372095 -2.49312 2.53637
362 rgb/1305031923.101056.png 0.0230048 -0.0315012 0.725871 0.686727 -0.381813 -2.47576 2.53413
363 rgb/1305031923.133238.png 0.0286496 -0.0282107 0.724135 0.688489 -0.389499 -2.46736 2.52898
364 rgb/1305031923.165168.png 0.032102 -0.0327781 0.723626 0.688669 -0.399332 -2.45565 2.51846
365 rgb/1305031923.201181.png 0.0304531 -0.040853 0.728327 0.683335 -0.406409 -2.43464 2.52347
366 rgb/1305031923.265159.png 0.0339447 -0.0373333 0.730586 0.680957 -0.410864 -2.42543 2.52399
367 rgb/1305031923.301183.png 0.0359871 -0.0373974 0.731179 0.680212 -0.415204 -2.42467 2.52418
368 rgb/1305031923.333169.png 0.0368803 -0.0407314 0.73177 0.679336 -0.417163 -2.41679 2.52493
369 rgb/1305031923.365230.png 0.0382503 -0.0408825 0.732166 0.678825 -0.42097 -2.41252 2.52797
370 rgb/1305031923.401139.png 0.0441404 -0.0366674 0.727285 0.683936 -0.428548 -2.40119 2.53162
371 rgb/1305031923.433112.png 0.0444973 -0.0373193 0.725174 0.686115 -0.430044 -2.39352 2.53066
372 rgb/1305031923.465290.png 0.0558888 -0.0322792 0.725869 0.684801 -0.444954 -2.38886 2.52664
373 rgb/1305031923.501145.png 0.0642086 -0.0334344 0.728566 0.681143 -0.453374 -2.38987 2.52632
374 rgb/1305031923.533199.png 0.0678539 -0.0322103 0.729082 0.680295 -0.459534 -2.39163 2.52797
375 rgb/1305031923.565198.png 0.0809136 -0.0358851 0.727077 0.680829 -0.493457 -2.39 2.51947
376 rgb/1305031923.601069.png 0.0840191 -0.0337383 0.727069 0.680571 -0.513851 -2.38901 2.52134
377 rgb/1305031923.633244.png 0.0900341 -0.0322646 0.725355 0.681702 -0.533543 -2.39113 2.5209
378 rgb/1305031923.665141.png 0.0934886 -0.0335403 0.724337 0.682257 -0.544103 -2.39243 2.51957
379 rgb/1305031923.701144.png 0.102071 -0.0386766 0.722677 0.682516 -0.599659 -2.39496 2.52065
380 rgb/1305031923.733145.png 0.107909 -0.0407806 0.722756 0.681411 -0.635256 -2.39881 2.52371
381 rgb/1305031923.765175.png 0.109586 -0.0404797 0.722162 0.681791 -0.64417 -2.40012 2.52453
382 rgb/1305031923.801150.png 0.112772 -0.0424729 0.719642 0.683811 -0.669804 -2.40252 2.52597
383 rgb/1305031923.833045.png 0.111977 -0.0428598 0.719308 0.684269 -0.676873 -2.40196 2.52737
384 rgb/1305031923.865161.png 0.11234 -0.0414964 0.716924 0.686791 -0.725505 -2.40678 2.53575
385 rgb/1305031923.901121.png 0.109642 -0.0415625 0.716526 0.687638 -0.747333 -2.40842 2.54292
386 rgb/1305031923.933140.png 0.109649 -0.0432603 0.715203 0.688909 -0.758114 -2.40789 2.54129
387 rgb/1305031923.965198.png 0.108558 -0.0429005 0.715422 0.688877 -0.764734 -2.40918 2.54254
388 rgb/1305031924.001096.png 0.110136 -0.0440509 0.715928 0.688027 -0.78689 -2.41228 2.54265
389 rgb/1305031924.033250.png 0.108661 -0.044732 0.71653 0.687591 -0.790187 -2.41252 2.54329
390 rgb/1305031924.065224.png 0.0973251 -0.0425545 0.72051 0.685264 -0.818139 -2.40951 2.5356
391 rgb/1305031924.101175.png 0.0894318 -0.0486069 0.725146 0.681034 -0.854269 -2.39795 2.51299
392 rgb/1305031924.133285.png 0.0891818 -0.0481272 0.725164 0.681082 -0.855779 -2.39592 2.51151
393 rgb/1305031924.165591.png 0.0933669 -0.0455849 0.724074 0.681855 -0.866053 -2.39013 2.49851
394 rgb/1305031924.201130.png 0.0957542 -0.0463459 0.724186 0.681354 -0.869818 -2.38805 2.49441
395 rgb/1305031924.233238.png 0.105575 -0.0468902 0.727202 0.676637 -0.878964 -2.37756 2.47647
396 rgb/1305031924.265335.png 0.11271 -0.046739 0.729626 0.672876 -0.893407 -2.37347 2.46649
397 rgb/1305031924.301099.png 0.121004 -0.0466425 0.726678 0.67463 -0.909672 -2.36302 2.44964
398 rgb/1305031924.333113.png 0.123039 -0.0485361 0.726157 0.674689 -0.911776 -2.36006 2.44623
399 rgb/1305031924.365169.png 0.131166 -0.0548354 0.72544 0.673446 -0.921149 -2.34781 2.4319
400 rgb/1305031924.401095.png 0.131707 -0.0541287 0.727206 0.671491 -0.924904 -2.34174 2.42897
401 rgb/1305031924.433069.png 0.131439 -0.0511081 0.727908 0.671019 -0.928483 -2.33876 2.42811
402 rgb/1305031924.465394.png 0.135756 -0.0457669 0.730572 0.667641 -0.946646 -2.32842 2.40509
403 rgb/1305031924.501116.png 0.140369 -0.0433948 0.733737 0.663361 -0.950194 -2.32748 2.40546
404 rgb/1305031924.533245.png 0.142184 -0.0312241 0.734032 0.663333 -0.958156 -2.32508 2.40299
405 rgb/1305031924.565264.png 0.151614 -0.0248291 0.732823 0.662851 -0.969318 -2.31772 2.38671
406 rgb/1305031924.601161.png 0.152854 -0.0227564 0.732979 0.662468 -0.971768 -2.31417 2.38613
407 rgb/1305031924.633221.png 0.155067 -0.0207423 0.732635 0.662401 -0.974877 -2.31269 2.38281
408 rgb/1305031924.665187.png 0.166006 -0.0235748 0.732704 0.659572 -0.988082 -2.30864 2.37298
409 rgb/1305031924.701168.png 0.217637 -0.020583 0.728942 0.648736 -1.02738 -2.29667 2.33405
410 rgb/1305031924.733166.png 0.234418 -0.0313239 0.727251 0.644343 -1.04144 -2.29105 2.31834
411 rgb/1305031924.765170.png 0.240776 -0.0315001 0.727675 0.641505 -1.04842 -2.28945 2.3121
412 rgb/1305031924.801057.png 0.255417 -0.0350535 0.726451 0.63703 -1.06212 -2.29002 2.29388
413 rgb/1305031924.833187.png 0.259242 -0.0366606 0.725857 0.636071 -1.0641 -2.29006 2.28538
414 rgb/1305031924.865165.png 0.269418 -0.0369697 0.724149 0.633767 -1.06729 -2.28883 2.26919
415 rgb/1305031924.901110.png 0.27488 -0.0356623 0.725195 0.630291 -1.06491 -2.29171 2.24527
416 rgb/1305031924.933186.png 0.291846 -0.032319 0.726199 0.621628 -1.06472 -2.29838 2.23002
417 rgb/1305031924.969060.png 0.299919 -0.0336058 0.726167 0.617742 -1.05966 -2.30076 2.21489
418 rgb/1305031925.001103.png 0.304541 -0.0286165 0.725906 0.616037 -1.05713 -2.30504 2.19928
419 rgb/1305031925.033148.png 0.30471 -0.0238122 0.726577 0.615367 -1.04689 -2.31425 2.16
420 rgb/1305031925.069090.png 0.305739 -0.0177379 0.730087 0.61089 -1.04895 -2.32185 2.14555
421 rgb/1305031925.101107.png 0.311913 -0.0158454 0.728146 0.610138 -1.04882 -2.32604 2.12117
422 rgb/1305031925.133209.png 0.306697 -0.0182938 0.731351 0.608879 -1.05277 -2.32673 2.10507
423 rgb/1305031925.169080.png 0.309366 -0.000804745 0.737388 0.600464 -1.06928 -2.33863 2.06235
424 rgb/1305031925.201117.png 0.311057 -0.00184131 0.740676 0.59552 -1.07369 -2.34358 2.05114
425 rgb/1305031925.233193.png 0.309845 -0.00266525 0.742169 0.594288 -1.07462 -2.34575 2.0478
426 rgb/1305031925.269164.png 0.299662 -0.00636867 0.750313 0.589235 -1.07732 -2.35977 2.01357
427 rgb/1305031925.301283.png 0.299648 -0.00577223 0.751967 0.587135 -1.07867 -2.36243 2.01091
428 rgb/1305031925.333142.png 0.298523 -0.00509835 0.759375 0.57811 -1.08476 -2.37089 2.00304
429 rgb/1305031925.369107.png 0.297859 -0.00608221 0.755857 0.583034 -1.08011 -2.36125 1.99902
430 rgb/1305031925.401456.png 0.297806 -0.00623239 0.755949 0.582939 -1.07899 -2.36002 1.99992
431 rgb/1305031925.433406.png 0.295066 -0.0120399 0.759887 0.579109 -1.06939 -2.35068 2.00136
432 rgb/1305031925.469099.png 0.297372 -0.0075192 0.762814 0.574137 -1.06227 -2.34838 2.00858
433 rgb/1305031925.501267.png 0.302559 0.00108615 0.760124 0.575042 -1.0691 -2.32348 2.03129
434 rgb/1305031925.533321.png 0.300195 0.00374899 0.760266 0.576082 -1.07502 -2.31731 2.03415
435 rgb/1305031925.569132.png 0.300154 0.00603893 0.758752 0.578076 -1.0827 -2.31089 2.03742
436 rgb/1305031925.601218.png 0.302172 0.00976383 0.761277 0.573636 -1.0954 -2.30447 2.04479
437 rgb/1305031925.633430.png 0.318172 0.0128662 0.76025 0.566238 -1.12316 -2.29456 2.05548
438 rgb/1305031925.669137.png 0.326652 -0.00502366 0.75728 0.565513 -1.1483 -2.26746 2.06722
439 rgb/1305031925.701322.png 0.326885 -0.00371563 0.757322 0.565332 -1.15244 -2.26265 2.07025
440 rgb/1305031925.733167.png 0.327555 0.00270331 0.757074 0.565281 -1.17145 -2.23678 2.0887
441 rgb/1305031925.769246.png 0.326278 0.00469214 0.757171 0.565877 -1.17615 -2.23076 2.0946
442 rgb/1305031925.801208.png 0.337526 0.0156877 0.74337 0.577266 -1.20347 -2.17836 2.13666
443 rgb/1305031925.833148.png 0.339431 0.0169807 0.739869 0.5806 -1.20275 -2.17195 2.13839
444 rgb/1305031925.869197.png 0.341849 0.0198387 0.735621 0.584476 -1.21027 -2.15811 2.14767
445 rgb/1305031925.901176.png 0.350158 0.0306144 0.7268 0.5901 -1.22142 -2.13252 2.16891
446 rgb/1305031925.933170.png 0.355187 0.0337874 0.726395 0.587414 -1.22555 -2.12304 2.18247
447 rgb/1305031925.969198.png 0.363777 0.0444099 0.71782 0.591974 -1.2359 -2.10404 2.21524
448 rgb/1305031926.001186.png 0.36666 0.0431153 0.710807 0.598716 -1.23566 -2.09434 2.22845
449 rgb/1305031926.033156.png 0.368354 0.0446195 0.706271 0.602918 -1.24031 -2.08523 2.23899
450 rgb/1305031926.069077.png 0.370286 0.0450821 0.704779 0.603446 -1.24479 -2.08201 2.24486
451 rgb/1305031926.101106.png 0.380798 0.0355307 0.698012 0.605405 -1.25523 -2.0672 2.27001
452 rgb/1305031926.133181.png 0.382597 0.0336609 0.695991 0.606703 -1.25706 -2.06493 2.27335
453 rgb/1305031926.169101.png 0.385706 0.0308172 0.690706 0.610911 -1.26142 -2.06177 2.28096
454 rgb/1305031926.201141.png 0.386587 0.0288708 0.687964 0.613537 -1.26332 -2.05896 2.2857
455 rgb/1305031926.233134.png 0.386887 0.0233946 0.682894 0.619219 -1.27347 -2.04879 2.29947
456 rgb/1305031926.269135.png 0.388742 0.0252105 0.672875 0.628879 -1.29788 -2.03713 2.31473
457 rgb/1305031926.301054.png 0.388965 0.0243033 0.672088 0.629617 -1.30026 -2.0346 2.31599
458 rgb/1305031926.333164.png 0.388687 0.0233146 0.672471 0.629418 -1.30351 -2.03407 2.31751
459 rgb/1305031926.369064.png 0.391763 0.0193549 0.670582 0.629661 -1.32634 -2.02987 2.32938
460 rgb/1305031926.401166.png 0.391903 0.0185715 0.670855 0.629306 -1.32712 -2.02879 2.33053
461 rgb/1305031926.433155.png 0.392799 0.0178155 0.672186 0.627346 -1.3321 -2.0286 2.33331
462 rgb/1305031926.469090.png 0.393694 0.0150925 0.674301 0.624581 -1.34032 -2.02962 2.3374
463 rgb/1305031926.501075.png 0.394338 0.014408 0.673837 0.624692 -1.3434 -2.03101 2.33732
464 rgb/1305031926.533176.png 0.393072 0.0131925 0.674043 0.625293 -1.34766 -2.03173 2.34033
465 rgb/1305031926.569122.png 0.377771 0.0177483 0.676305 0.632131 -1.36255 -2.03284 2.33864
466 rgb/1305031926.601166.png 0.377451 0.0185987 0.677836 0.630658 -1.36824 -2.03007 2.3349
467 rgb/1305031926.633127.png 0.376536 0.0182209 0.678999 0.629964 -1.3708 -2.03074 2.33535
468 rgb/1305031926.669140.png 0.375463 0.0177018 0.678497 0.631159 -1.37223 -2.0294 2.33329
469 rgb/1305031926.701042.png 0.372287 0.0162269 0.679479 0.632023 -1.38436 -2.02093 2.3225
470 rgb/1305031926.733207.png 0.371131 0.0170688 0.677288 0.635025 -1.39124 -2.0137 2.31452
471 rgb/1305031926.769141.png 0.381703 0.0161482 0.673786 0.632503 -1.40689 -1.99538 2.29204
472 rgb/1305031926.801342.png 0.389049 0.0139434 0.671495 0.630512 -1.41143 -1.99077 2.2855
473 rgb/1305031926.833209.png 0.390796 0.0127879 0.67061 0.630399 -1.41276 -1.98943 2.28346
474 rgb/1305031926.869333.png 0.391786 0.0128419 0.66819 0.632349 -1.41426 -1.98754 2.27972
475 rgb/1305031926.901097.png 0.400404 0.0137795 0.662419 0.633003 -1.42089 -1.97455 2.26767
476 rgb/1305031926.933348.png 0.406226 0.0106705 0.658266 0.633686 -1.43013 -1.96341 2.24989
477 rgb/1305031926.969122.png 0.413282 0.0109532 0.657176 0.630241 -1.43739 -1.95701 2.23973
478 rgb/1305031927.001575.png 0.417499 0.0121211 0.656161 0.628496 -1.44456 -1.95119 2.22905
479 rgb/1305031927.033929.png 0.423414 0.0133499 0.652697 0.628121 -1.4523 -1.94275 2.22111
480 rgb/1305031927.070528.png 0.426021 0.0123987 0.652115 0.626981 -1.45737 -1.9319 2.21342
481 rgb/1305031927.101272.png 0.429354 0.0156173 0.651945 0.624808 -1.46579 -1.92447 2.20626
482 rgb/1305031927.133471.png 0.426927 0.0175185 0.654226 0.624036 -1.47066 -1.92275 2.19646
483 rgb/1305031927.169161.png 0.427597 0.0187321 0.654383 0.623377 -1.47131 -1.92207 2.1959
484 rgb/1305031927.201210.png 0.426926 0.0220862 0.653955 0.624176 -1.47504 -1.92087 2.19411
485 rgb/1305031927.233491.png 0.427508 0.0239576 0.653386 0.624304 -1.48032 -1.91725 2.19093
486 rgb/1305031927.269153.png 0.429288 0.028753 0.650366 0.626031 -1.48773 -1.91397 2.18738
487 rgb/1305031927.301135.png 0.426945 0.0342196 0.650887 0.626817 -1.49784 -1.9076 2.18043
488 rgb/1305031927.333139.png 0.429245 0.037073 0.650369 0.625621 -1.50547 -1.90496 2.17584
489 rgb/1305031927.369147.png 0.432836 0.0363488 0.649795 0.623782 -1.5132 -1.90054 2.17119
490 rgb/1305031927.401161.png 0.442331 0.0331949 0.649476 0.617599 -1.52927 -1.891 2.15538
491 rgb/1305031927.433274.png 0.446761 0.0341019 0.650692 0.613064 -1.53807 -1.88838 2.14876
492 rgb/1305031927.469105.png 0.457765 0.0321969 0.645777 0.610241 -1.56567 -1.87673 2.12608
493 rgb/1305031927.501136.png 0.464359 0.0295818 0.64365 0.607632 -1.6015 -1.86243 2.10018
494 rgb/1305031927.533182.png 0.465297 0.0259369 0.64271 0.608076 -1.61863 -1.85245 2.0888
495 rgb/1305031927.569225.png 0.469803 0.0232236 0.64257 0.604861 -1.6324 -1.8429 2.07685
496 rgb/1305031927.601132.png 0.472694 0.0243094 0.643872 0.601169 -1.64924 -1.83672 2.06161
497 rgb/1305031927.633201.png 0.475591 0.0261003 0.643697 0.598993 -1.66774 -1.83274 2.051
498 rgb/1305031927.669158.png 0.480556 0.023687 0.641548 0.597434 -1.68588 -1.82547 2.04384
499 rgb/1305031927.701131.png 0.482507 0.0240582 0.639595 0.597941 -1.69856 -1.82139 2.03955
500 rgb/1305031927.733219.png 0.488322 0.026509 0.637054 0.595825 -1.72182 -1.81381 2.02917
501 rgb/1305031927.769158.png 0.493039 0.029618 0.632448 0.5967 -1.73201 -1.80892 2.0265
502 rgb/1305031927.801109.png 0.499306 0.031605 0.629162 0.594858 -1.74476 -1.80216 2.0218
503 rgb/1305031927.833282.png 0.505584 0.0316736 0.626388 0.592476 -1.76136 -1.79267 2.01209
504 rgb/1305031927.869143.png 0.506707 0.0304413 0.626216 0.591762 -1.76351 -1.79175 2.01113
505 rgb/1305031927.901130.png 0.50495 0.0272097 0.629032 0.590434 -1.7727 -1.78113 1.99643
506 rgb/1305031927.933465.png 0.501615 0.0254931 0.63231 0.58985 -1.77823 -1.78192 1.99343
507 rgb/1305031927.969176.png 0.498828 0.0261626 0.633121 0.591313 -1.78055 -1.78036 1.98949
508 rgb/1305031928.001134.png 0.495519 0.0284045 0.632777 0.594352 -1.78389 -1.77353 1.98053
509 rgb/1305031928.033186.png 0.494236 0.0284037 0.633479 0.594672 -1.79508 -1.75246 1.94668
510 rgb/1305031928.069125.png 0.493354 0.0274658 0.634323 0.594548 -1.79583 -1.74888 1.94085
511 rgb/1305031928.101114.png 0.50372 0.0324342 0.62634 0.59407 -1.79966 -1.71935 1.89101
512 rgb/1305031928.133202.png 0.506523 0.0326255 0.627588 0.590348 -1.80185 -1.71461 1.87434
513 rgb/1305031928.169018.png 0.506099 0.0333985 0.628243 0.589973 -1.80217 -1.7102 1.86692
514 rgb/1305031928.201096.png 0.506049 0.034335 0.628397 0.589797 -1.80329 -1.70142 1.84961
515 rgb/1305031928.233133.png 0.512571 0.0355254 0.629772 0.582583 -1.80296 -1.6764 1.79998
516 rgb/1305031928.269216.png 0.515708 0.0434883 0.628024 0.581161 -1.80565 -1.65802 1.77475
517 rgb/1305031928.301255.png 0.516857 0.0436112 0.628203 0.579936 -1.80516 -1.65498 1.76948
518 rgb/1305031928.333609.png 0.526903 0.0495488 0.623026 0.575989 -1.8062 -1.63918 1.74525
519 rgb/1305031928.369520.png 0.547177 0.0526537 0.612659 0.567874 -1.81215 -1.61932 1.71877
520 rgb/1305031928.401116.png 0.555881 0.0534858 0.606941 0.565478 -1.8161 -1.61259 1.71005
521 rgb/1305031928.433543.png 0.574662 0.0521617 0.598985 0.555217 -1.82535 -1.59822 1.69043
522 rgb/1305031928.469232.png 0.595184 0.0535383 0.584759 0.548591 -1.84178 -1.57843 1.66291
523 rgb/1305031928.501428.png 0.605212 0.0541449 0.580351 0.542204 -1.85454 -1.56952 1.64468
524 rgb/1305031928.533982.png 0.614267 0.0561744 0.575161 0.537323 -1.86843 -1.5588 1.62824
525 rgb/1305031928.569299.png 0.615827 0.0560312 0.574306 0.536467 -1.87488 -1.55724 1.62389
526 rgb/1305031928.601271.png 0.62636 0.0493635 0.570712 0.528706 -1.90807 -1.5331 1.58654
527 rgb/1305031928.633595.png 0.633768 0.0450752 0.565885 0.52544 -1.92195 -1.51982 1.56116
528 rgb/1305031928.669146.png 0.635578 0.0451147 0.564872 0.524338 -1.92772 -1.51784 1.55589
529 rgb/1305031928.701110.png 0.638956 0.0419269 0.56414 0.521278 -1.94785 -1.49897 1.53356
530 rgb/1305031928.733185.png 0.63555 0.0453179 0.56403 0.525261 -1.9531 -1.48602 1.51991
531 rgb/1305031928.769202.png 0.632985 0.0473019 0.56562 0.526473 -1.95415 -1.48298 1.51612
532 rgb/1305031928.801117.png 0.629395 0.05212 0.56779 0.527983 -1.95283 -1.47708 1.50539
533 rgb/1305031928.833193.png 0.628332 0.0453531 0.567523 0.530157 -1.94495 -1.48059 1.47614
534 rgb/1305031928.869148.png 0.631781 0.0449427 0.551287 0.543067 -1.92231 -1.47127 1.45877
535 rgb/1305031928.901197.png 0.633388 0.043439 0.552295 0.540287 -1.90729 -1.46515 1.44562
536 rgb/1305031928.933215.png 0.631827 0.0403207 0.555339 0.539235 -1.90161 -1.46705 1.43979
537 rgb/1305031928.969097.png 0.630289 0.0395923 0.552564 0.543919 -1.82384 -1.47059 1.37754
538 rgb/1305031929.001155.png 0.630318 0.0402922 0.552316 0.544085 -1.80934 -1.47476 1.36496
539 rgb/1305031929.033640.png 0.630382 0.0386666 0.551657 0.544798 -1.78536 -1.47927 1.34558
540 rgb/1305031929.069089.png 0.629413 0.0393217 0.551278 0.546253 -1.77673 -1.47992 1.33897
541 rgb/1305031929.101213.png 0.621755 0.0335737 0.560886 0.545626 -1.71851 -1.48739 1.28584
542 rgb/1305031929.133202.png 0.622305 0.0354802 0.558009 0.547824 -1.71574 -1.49128 1.27816
543 rgb/1305031929.169204.png 0.622521 0.0340329 0.548566 0.557128 -1.70505 -1.49389 1.26532
544 rgb/1305031929.201163.png 0.604035 0.0464009 0.554628 0.570425 -1.66093 -1.47443 1.22641
545 rgb/1305031929.233293.png 0.604551 0.0497615 0.557153 0.567124 -1.65799 -1.47476 1.21971
546 rgb/1305031929.269214.png 0.607373 0.0592397 0.560875 0.559477 -1.65192 -1.47361 1.20667
547 rgb/1305031929.301292.png 0.610468 0.0553824 0.565643 0.551649 -1.64621 -1.47355 1.18926
548 rgb/1305031929.333529.png 0.61619 0.0404044 0.564663 0.547576 -1.62285 -1.46446 1.16667
549 rgb/1305031929.369189.png 0.618275 0.0366941 0.569197 0.540751 -1.61369 -1.46169 1.15375
550 rgb/1305031929.401369.png 0.619685 0.0339269 0.576229 0.531795 -1.61186 -1.46354 1.1355
551 rgb/1305031929.433239.png 0.628194 -0.00280489 0.563099 0.536927 -1.57914 -1.4603 1.10392
552 rgb/1305031929.469219.png 0.629188 -0.0135333 0.558329 0.540569 -1.55425 -1.45387 1.09397
553 rgb/1305031929.501198.png 0.628396 -0.0153023 0.55842 0.541349 -1.53525 -1.45901 1.08202
554 rgb/1305031929.533262.png 0.63344 -0.018172 0.559201 0.534533 -1.51113 -1.46965 1.06674
555 rgb/1305031929.569172.png 0.62855 -0.0245671 0.561906 0.537206 -1.48529 -1.4848 1.0561
556 rgb/1305031929.601101.png 0.630109 -0.023876 0.555081 0.54248 -1.45955 -1.50006 1.04537
557 rgb/1305031929.634447.png 0.633411 -0.030206 0.554685 0.538711 -1.44108 -1.51291 1.03836
558 rgb/1305031929.669287.png 0.637531 -0.0348836 0.551076 0.537271 -1.41548 -1.53013 1.03032
559 rgb/1305031929.701269.png 0.636523 -0.0354418 0.547163 0.542404 -1.3827 -1.54583 1.0225
560 rgb/1305031929.733617.png 0.63484 -0.0353273 0.548373 0.543161 -1.37631 -1.54841 1.02088
561 rgb/1305031929.769190.png 0.628738 -0.0327928 0.552144 0.546587 -1.3643 -1.55417 1.01723
562 rgb/1305031929.801229.png 0.626354 -0.0326866 0.554439 0.547007 -1.359 -1.55724 1.01597
563 rgb/1305031929.833358.png 0.619735 -0.0304168 0.56153 0.547444 -1.33019 -1.58206 1.00989
564 rgb/1305031929.869242.png 0.620488 -0.0247658 0.562717 0.545653 -1.32102 -1.5924 1.00616
565 rgb/1305031929.901292.png 0.622034 -0.0263236 0.568255 0.538027 -1.31317 -1.60306 1.00706
566 rgb/1305031929.933176.png 0.625687 -0.019648 0.569178 0.533079 -1.30804 -1.6143 1.01146
567 rgb/1305031929.969176.png 0.633393 -0.0158719 0.566631 0.526781 -1.30584 -1.61934 1.00988
568 rgb/1305031930.001350.png 0.634067 -0.00817308 0.569545 0.522989 -1.31354 -1.6223 1.01219
569 rgb/1305031930.033650.png 0.633865 -0.00113576 0.56817 0.524789 -1.31901 -1.62164 1.01474
570 rgb/1305031930.069293.png 0.636578 0.00155651 0.565694 0.524178 -1.32136 -1.62065 1.01451
571 rgb/1305031930.101133.png 0.645704 0.00493425 0.562424 0.516458 -1.34502 -1.59741 1.01334
572 rgb/1305031930.134163.png 0.64565 0.00467137 0.562208 0.516762 -1.34942 -1.59331 1.01264
573 rgb/1305031930.169117.png 0.657268 0.00903411 0.553875 0.511025 -1.40063 -1.5473 0.999669
574 rgb/1305031930.201148.png 0.659114 0.00995207 0.552371 0.510257 -1.40596 -1.53974 0.99557
575 rgb/1305031930.233355.png 0.665033 0.0105086 0.554001 0.500709 -1.4604 -1.49816 0.961174
576 rgb/1305031930.269064.png 0.670818 0.0124892 0.556063 0.490559 -1.48835 -1.49155 0.953851
577 rgb/1305031930.301105.png 0.677253 0.0131918 0.554859 0.483003 -1.50531 -1.48418 0.947234
578 rgb/1305031930.333138.png 0.679825 0.0136623 0.555804 0.478268 -1.51559 -1.4807 0.944478
579 rgb/1305031930.369794.png 0.691377 0.0135378 0.553377 0.464321 -1.58088 -1.4509 0.929933
580 rgb/1305031930.401077.png 0.692934 0.0119381 0.551833 0.463882 -1.62176 -1.42539 0.922104
581 rgb/1305031930.433290.png 0.694066 0.0124163 0.551038 0.463121 -1.64512 -1.40982 0.917061
582 rgb/1305031930.469130.png 0.694632 0.0128148 0.550792 0.462555 -1.6526 -1.40507 0.915306
583 rgb/1305031930.501044.png 0.696412 0.012099 0.547714 0.463552 -1.67343 -1.38993 0.910528
584 rgb/1305031930.533067.png 0.69766 0.0100938 0.540663 0.469955 -1.71885 -1.34793 0.899141
585 rgb/1305031930.569007.png 0.695768 0.0142672 0.540571 0.47275 -1.73659 -1.32125 0.891911
586 rgb/1305031930.601041.png 0.692789 0.019052 0.544102 0.472905 -1.75534 -1.29613 0.884399
587 rgb/1305031930.633126.png 0.692758 0.0198873 0.544592 0.472353 -1.76122 -1.28996 0.882995
588 rgb/1305031930.668925.png 0.68432 0.0188176 0.561031 0.465405 -1.77733 -1.24341 0.874824
589 rgb/1305031930.701009.png 0.691808 0.0216263 0.552692 0.464189 -1.78594 -1.21082 0.870358
590 rgb/1305031930.733195.png 0.698249 0.0296783 0.544663 0.463591 -1.78975 -1.1778 0.86174
591 rgb/1305031930.769068.png 0.704477 0.0351891 0.535159 0.46485 -1.78941 -1.15149 0.851787
592 rgb/1305031930.801055.png 0.707019 0.0359983 0.532002 0.464552 -1.79365 -1.14638 0.848386
593 rgb/1305031930.833091.png 0.722772 0.0340016 0.517939 0.456277 -1.78504 -1.07677 0.8274
594 rgb/1305031930.869070.png 0.728029 0.0426737 0.514411 0.451154 -1.78725 -1.06034 0.825552
595 rgb/1305031930.900829.png 0.731822 0.0504747 0.512552 0.446301 -1.79626 -1.03942 0.821916
596 rgb/1305031930.933330.png 0.738202 0.0533365 0.502152 0.447283 -1.80346 -1.01657 0.821675
597 rgb/1305031930.969059.png 0.743592 0.0709324 0.491208 0.448063 -1.81305 -0.968971 0.81045
598 rgb/1305031931.000795.png 0.748716 0.0759793 0.486748 0.443548 -1.82105 -0.948701 0.797831
599 rgb/1305031931.033023.png 0.750708 0.0760151 0.485427 0.441617 -1.82502 -0.942883 0.792562
600 rgb/1305031931.068905.png 0.764074 0.070775 0.474673 0.431131 -1.83935 -0.898056 0.75474
601 rgb/1305031931.100819.png 0.778228 0.0563481 0.471298 0.411182 -1.85016 -0.8596 0.724875
602 rgb/1305031931.133042.png 0.786757 0.0598428 0.459794 0.407465 -1.86142 -0.836336 0.705828
603 rgb/1305031931.168900.png 0.788825 0.0616259 0.456727 0.406649 -1.86573 -0.829714 0.697926
604 rgb/1305031931.200696.png 0.790565 0.0620032 0.4545 0.405707 -1.86895 -0.823101 0.691618
605 rgb/1305031931.233053.png 0.794327 0.0624702 0.445783 0.407953 -1.88044 -0.792006 0.663706
606 rgb/1305031931.268951.png 0.796794 0.0605367 0.439831 0.409889 -1.88579 -0.769724 0.651684
607 rgb/1305031931.300955.png 0.801929 0.0602345 0.432269 0.40796 -1.89292 -0.743915 0.636443
608 rgb/1305031931.332991.png 0.80236 0.0593251 0.433102 0.406359 -1.88993 -0.719814 0.620278
609 rgb/1305031931.369797.png 0.803316 0.0607936 0.429077 0.408517 -1.8791 -0.683453 0.596639
610 rgb/1305031931.401337.png 0.798371 0.0531269 0.430407 0.417777 -1.86415 -0.65359 0.586416
611 rgb/1305031931.432892.png 0.797596 0.0547842 0.425088 0.424435 -1.85037 -0.633193 0.57371
612 rgb/1305031931.469079.png 0.806142 0.0548078 0.424103 0.408991 -1.83508 -0.614838 0.563452
613 rgb/1305031931.500852.png 0.808324 0.0547918 0.425487 0.403209 -1.83324 -0.60992 0.562195
614 rgb/1305031931.532871.png 0.824171 0.0677981 0.389758 0.405267 -1.8069 -0.566081 0.543364
615 rgb/1305031931.569726.png 0.832947 0.064202 0.384616 0.392623 -1.79989 -0.549168 0.539009
616 rgb/1305031931.601199.png 0.853065 0.065964 0.352163 0.379362 -1.79013 -0.501004 0.510762
617 rgb/1305031931.633004.png 0.860579 0.0578851 0.346754 0.368539 -1.78909 -0.467265 0.480404
618 rgb/1305031931.669064.png 0.86928 0.0545802 0.338139 0.356428 -1.7945 -0.430987 0.441211
619 rgb/1305031931.701060.png 0.873847 0.0446222 0.33867 0.345989 -1.79865 -0.404058 0.418218
620 rgb/1305031931.732985.png 0.879477 0.0378013 0.336023 0.33494 -1.81018 -0.373112 0.402602
621 rgb/1305031931.768911.png 0.879047 0.0424205 0.329631 0.341799 -1.81661 -0.349576 0.391137
622 rgb/1305031931.800959.png 0.879407 0.0426876 0.328769 0.341669 -1.81968 -0.342055 0.386019
623 rgb/1305031931.832926.png 0.874919 0.0274011 0.332984 0.350562 -1.77229 -0.359862 0.340928
624 rgb/1305031931.868988.png 0.872627 0.0314008 0.330152 0.358525 -1.72563 -0.385667 0.318629
625 rgb/1305031931.900957.png 0.870381 0.0392997 0.326648 0.366332 -1.69112 -0.410377 0.297833
626 rgb/1305031931.932907.png 0.869985 0.0413883 0.327883 0.365938 -1.68743 -0.413068 0.297184
627 rgb/1305031931.968902.png 0.885773 0.0453662 0.31858 0.334455 -1.62405 -0.445106 0.245126
628 rgb/1305031932.000829.png 0.892278 0.0457408 0.307449 0.327457 -1.61194 -0.450085 0.224062
629 rgb/1305031932.032913.png 0.894275 0.0451397 0.304347 0.324981 -1.60689 -0.450117 0.219996
630 rgb/1305031932.068920.png 0.898668 0.0432043 0.300439 0.316655 -1.59897 -0.449098 0.208442
631 rgb/1305031932.101294.png 0.907481 0.0470883 0.284794 0.30522 -1.58486 -0.447399 0.173129
632 rgb/1305031932.132895.png 0.920842 0.0587033 0.257177 0.287173 -1.5637 -0.427945 0.150878
633 rgb/1305031932.169077.png 0.918442 0.0675939 0.269404 0.281642 -1.55402 -0.416591 0.144576
634 rgb/1305031932.200948.png 0.91713 0.0679653 0.272135 0.283199 -1.55538 -0.416961 0.139834
635 rgb/1305031932.232821.png 0.912036 0.0747988 0.280052 0.290125 -1.5412 -0.400644 0.134893
636 rgb/1305031932.268818.png 0.915429 0.0822146 0.274129 0.283001 -1.51476 -0.379029 0.115011
637 rgb/1305031932.300945.png 0.919638 0.0808786 0.276116 0.267378 -1.50458 -0.361346 0.0974392
638 rgb/1305031932.333175.png 0.937655 0.0691501 0.242258 0.239452 -1.48262 -0.314821 0.0571873
639 rgb/1305031932.368837.png 0.93861 0.0657398 0.242227 0.236687 -1.47897 -0.307387 0.0515029
640 rgb/1305031932.401680.png 0.946261 0.0579628 0.220719 0.22917 -1.46029 -0.271004 0.016009
641 rgb/1305031932.432994.png 0.954853 0.0713264 0.200163 0.207627 -1.44373 -0.211302 -0.0138604
642 rgb/1305031932.469022.png 0.960563 0.065131 0.183039 0.198943 -1.42944 -0.166122 -0.0218298
643 rgb/1305031932.500893.png 0.955137 0.0601203 0.196491 0.213296 -1.38897 -0.0792868 -0.0414497
644 rgb/1305031932.532959.png 0.955488 0.0488439 0.202148 0.209279 -1.37454 -0.062955 -0.0440386
645 rgb/1305031932.568972.png 0.95638 0.0453357 0.203092 0.205039 -1.36081 -0.0538075 -0.0339345
646 rgb/1305031932.600957.png 0.956005 0.0538186 0.205138 0.202688 -1.3328 -0.03407 -0.0324166
647 rgb/1305031932.632929.png 0.961207 0.0713269 0.183068 0.193609 -1.28524 -0.0112491 -0.0498292
648 rgb/1305031932.669236.png 0.962379 0.0742734 0.177545 0.191815 -1.27179 0.0126522 -0.0562034
649 rgb/1305031932.700806.png 0.959689 0.072564 0.183062 0.200564 -1.25862 0.0212127 -0.0546131
650 rgb/1305031932.732848.png 0.959825 0.0735536 0.166719 0.213392 -1.23559 0.046069 -0.0686869
651 rgb/1305031932.768757.png 0.960614 0.0718529 0.162497 0.213676 -1.2295 0.0525276 -0.0703169
652 rgb/1305031932.800821.png 0.967109 0.0553734 0.151844 0.196423 -1.20093 0.0893644 -0.091113
653 rgb/1305031932.832891.png 0.968983 0.0510798 0.145511 0.193118 -1.19743 0.100895 -0.100798
654 rgb/1305031932.869016.png 0.970191 0.0461444 0.141523 0.191248 -1.182 0.127728 -0.118692
655 rgb/1305031932.901214.png 0.970343 0.0445231 0.144797 0.188391 -1.18388 0.13469 -0.127647
656 rgb/1305031932.932932.png 0.970874 0.0437346 0.14319 0.187063 -1.18541 0.140656 -0.137183
657 rgb/1305031932.968787.png 0.972091 0.0338495 0.138554 0.186283 -1.17138 0.182328 -0.17186
658 rgb/1305031933.001958.png 0.970699 0.0251796 0.143148 0.191371 -1.17302 0.196566 -0.188791
659 rgb/1305031933.033045.png 0.970255 0.0232773 0.145274 0.192263 -1.17059 0.205403 -0.198472
660 rgb/1305031933.068879.png 0.966589 0.0229711 0.160098 0.198875 -1.15486 0.234339 -0.226975
661 rgb/1305031933.100908.png 0.965492 0.0230119 0.162161 0.202494 -1.14628 0.231906 -0.227933
662 rgb/1305031933.132911.png 0.965852 0.0239243 0.160773 0.201778 -1.14227 0.232862 -0.229768
663 rgb/1305031933.169450.png 0.965802 0.024574 0.158991 0.203344 -1.1276 0.22626 -0.233737
664 rgb/1305031933.200949.png 0.966166 0.0242618 0.158734 0.201851 -1.12018 0.224841 -0.233998
665 rgb/1305031933.233374.png 0.96773 0.030427 0.154812 0.196496 -1.05701 0.182048 -0.219348
666 rgb/1305031933.269079.png 0.969001 0.0314995 0.151044 0.192968 -1.02619 0.167867 -0.216877
667 rgb/1305031933.300869.png 0.969816 0.0342799 0.158217 0.182356 -0.992839 0.143641 -0.204602
668 rgb/1305031933.332881.png 0.972213 0.0384087 0.142214 0.181951 -0.936957 0.109114 -0.192473
669 rgb/1305031933.368978.png 0.973386 0.0370305 0.134083 0.182139 -0.910083 0.0976638 -0.189427
670 rgb/1305031933.400926.png 0.973931 0.0371796 0.13382 0.17937 -0.903151 0.0942261 -0.189224
671 rgb/1305031933.432912.png 0.976815 0.0289934 0.124069 0.172058 -0.861036 0.0794144 -0.18242
672 rgb/1305031933.469486.png 0.977706 0.0289345 0.120411 0.16959 -0.851393 0.0767329 -0.180753
673 rgb/1305031933.500809.png 0.979729 0.0286553 0.113015 0.162918 -0.830368 0.0714006 -0.178096
674 rgb/1305031933.533065.png 0.98546 0.0147288 0.108041 0.130324 -0.77156 0.0473934 -0.18468
675 rgb/1305031933.568861.png 0.98701 0.00878034 0.0953247 0.129047 -0.752764 0.0385089 -0.188083
676 rgb/1305031933.600899.png 0.985933 0.00206205 0.10573 0.129452 -0.675504 0.00919543 -0.190425
677 rgb/1305031933.632949.png 0.985646 2.8228e-05 0.108923 0.129009 -0.639543 -0.00476889 -0.186096
678 rgb/1305031933.669114.png 0.985815 0.00400641 0.108769 0.127779 -0.624775 -0.017936 -0.183065
679 rgb/1305031933.700931.png 0.985197 0.0186951 0.117396 0.123533 -0.593776 -0.0517254 -0.170077
680 rgb/1305031933.732901.png 0.98505 0.0197941 0.117054 0.12485 -0.590495 -0.0567224 -0.168423
681 rgb/1305031933.768934.png 0.984176 0.0221552 0.12126 0.127314 -0.552723 -0.119499 -0.134724
682 rgb/1305031933.800879.png 0.983347 0.0294179 0.128317 0.125313 -0.541669 -0.150413 -0.122693
683 rgb/1305031933.833132.png 0.983676 0.034417 0.125247 0.124563 -0.531217 -0.18841 -0.104366
684 rgb/1305031933.868855.png 0.983806 0.0357659 0.123754 0.124645 -0.528465 -0.19634 -0.101134
685 rgb/1305031933.900942.png 0.983722 0.0436087 0.122088 0.124453 -0.51841 -0.22811 -0.0912832
686 rgb/1305031933.932925.png 0.983848 0.0446798 0.121985 0.123174 -0.517549 -0.23464 -0.0894607
687 rgb/1305031933.968843.png 0.985058 0.0459101 0.107934 0.126126 -0.507535 -0.266521 -0.0820873
688 rgb/1305031934.000841.png 0.984985 0.0472822 0.10947 0.124861 -0.50595 -0.272991 -0.0818994
689 rgb/1305031934.033000.png 0.984862 0.0598759 0.1115 0.118469 -0.502527 -0.30284 -0.0817572
690 rgb/1305031934.068946.png 0.984745 0.062242 0.114219 0.1156 -0.503483 -0.309694 -0.0821889
691 rgb/1305031934.100917.png 0.986312 0.0683645 0.10566 0.106563 -0.50144 -0.296923 -0.0858058
692 rgb/1305031934.132845.png 0.98646 0.0658678 0.111748 0.100379 -0.498343 -0.288435 -0.0867282
693 rgb/1305031934.169177.png 0.986537 0.0633602 0.113056 0.0997708 -0.489922 -0.271262 -0.0889915
694 rgb/1305031934.200808.png 0.986795 0.0609978 0.109502 0.102616 -0.472729 -0.24768 -0.100322
695 rgb/1305031934.232870.png 0.987273 0.0642723 0.105418 0.100265 -0.454881 -0.226358 -0.117544
696 rgb/1305031934.269296.png 0.98767 0.0642214 0.105297 0.0964409 -0.449591 -0.221428 -0.122738
697 rgb/1305031934.300934.png 0.988874 0.0611708 0.101546 0.0898945 -0.395206 -0.182066 -0.159566
698 rgb/1305031934.336871.png 0.988963 0.0629336 0.101292 0.0879636 -0.388221 -0.174436 -0.166159
699 rgb/1305031934.368906.png 0.989471 0.0632721 0.0994017 0.0840758 -0.374584 -0.164733 -0.177725
700 rgb/1305031934.400928.png 0.989874 0.0636024 0.0973206 0.0814713 -0.36773 -0.159044 -0.184114
701 rgb/1305031934.436865.png 0.99136 0.0637494 0.095689 0.0631758 -0.337238 -0.137386 -0.209757
702 rgb/1305031934.469287.png 0.992071 0.0633086 0.096517 0.0497759 -0.318345 -0.114028 -0.228074
703 rgb/1305031934.501241.png 0.993571 0.0567515 0.083726 0.0509091 -0.286071 -0.0851512 -0.244973
704 rgb/1305031934.536876.png 0.993812 0.056371 0.0804694 0.0518568 -0.278829 -0.0769397 -0.25009
705 rgb/1305031934.569101.png 0.994632 0.0427397 0.0764373 0.0551611 -0.227067 -0.0348453 -0.27355
706 rgb/1305031934.600850.png 0.99483 0.0356781 0.0733919 0.0604894 -0.186713 -0.00798754 -0.284294
707 rgb/1305031934.637030.png 0.994766 0.0355745 0.0716539 0.0636063 -0.165136 0.00192501 -0.287041
708 rgb/1305031934.668984.png 0.994583 0.0363387 0.0717226 0.0659166 -0.158125 0.00584541 -0.288791
709 rgb/1305031934.700945.png 0.994095 0.0262179 0.0811375 0.0671596 -0.107502 0.0203511 -0.285768
710 rgb/1305031934.736903.png 0.994067 0.0259842 0.0815275 0.0671824 -0.0996585 0.0226345 -0.286295
711 rgb/1305031934.769124.png 0.994049 0.0254749 0.0819814 0.0670995 -0.0918068 0.025 -0.286024
712 rgb/1305031934.801627.png 0.994265 0.0306118 0.0763802 0.0683541 -0.0243379 0.0274829 -0.277504
713 rgb/1305031934.836769.png 0.994446 0.0330741 0.0705606 0.0707801 -0.00621086 0.0326176 -0.280613
714 rgb/1305031934.869115.png 0.994335 0.0329369 0.0705604 0.0723837 0.000408132 0.0349136 -0.279938
715 rgb/1305031934.901010.png 0.994564 0.0309429 0.0659039 0.0744832 0.0308568 0.040702 -0.278907
716 rgb/1305031934.937234.png 0.994989 0.0304411 0.0639587 0.0706009 0.0461028 0.0445599 -0.277722
717 rgb/1305031934.969077.png 0.995228 0.0308495 0.0635927 0.0673186 0.0533847 0.0464129 -0.277096
718 rgb/1305031935.001270.png 0.99791 0.026424 0.0315034 0.0499002 0.130076 0.0715817 -0.28554
719 rgb/1305031935.036852.png 0.998557 0.0225402 0.0248062 0.0420239 0.149096 0.0770297 -0.289964
720 rgb/1305031935.069722.png 0.998873 0.0210326 0.0219102 0.036559 0.15858 0.0796729 -0.29155
721 rgb/1305031935.100912.png 0.999882 0.00684783 -0.00256173 0.0136872 0.213794 0.100092 -0.307829
722 rgb/1305031935.136853.png 0.999917 0.00537989 -0.00384283 0.0113397 0.222616 0.104008 -0.310081
723 rgb/1305031935.169281.png 0.999837 -0.00326757 -0.0163647 0.00730645 0.259637 0.118865 -0.31401
724 rgb/1305031935.200951.png 0.999604 -0.00961908 -0.0258772 0.00588351 0.304693 0.142231 -0.324104
725 rgb/1305031935.237095.png 0.999498 -0.00905496 -0.0301 0.00461666 0.322457 0.1534 -0.32962
726 rgb/1305031935.268965.png 0.999434 -0.00926217 -0.0321497 0.0041367 0.3275 0.156911 -0.333558
727 rgb/1305031935.300805.png 0.99919 -0.00992831 -0.0390497 0.00117631 0.362212 0.171981 -0.34151
728 rgb/1305031935.336810.png 0.999198 -0.00917207 -0.0389905 0.00191974 0.367003 0.173904 -0.339752
729 rgb/1305031935.368827.png 0.999049 -0.0052114 -0.0430922 0.0047506 0.388188 0.177114 -0.34344
730 rgb/1305031935.400848.png 0.999071 -0.00534023 -0.0424146 0.00595727 0.392325 0.178065 -0.341118
731 rgb/1305031935.436887.png 0.999164 -0.00605769 -0.0402254 0.00465925 0.4026 0.17989 -0.339542
732 rgb/1305031935.468890.png 0.999037 -0.00922156 -0.0429441 0.00142613 0.465167 0.169508 -0.324933
733 rgb/1305031935.500863.png 0.998815 -0.00862758 -0.0465144 -0.0117048 0.506336 0.153141 -0.312959
734 rgb/1305031935.536900.png 0.99877 -0.00794225 -0.0471305 -0.0133706 0.514117 0.148511 -0.312695
735 rgb/1305031935.568783.png 0.998423 -0.000598269 -0.0489867 -0.0275006 0.571591 0.122433 -0.29792
736 rgb/1305031935.600963.png 0.998309 0.00301252 -0.052504 -0.0248863 0.586208 0.115861 -0.296537
737 rgb/1305031935.636916.png 0.998019 0.0112165 -0.0577489 -0.0224178 0.615476 0.102859 -0.292042
738 rgb/1305031935.669100.png 0.997808 0.0170449 -0.0600031 -0.0222142 0.645547 0.0904188 -0.285775
739 rgb/1305031935.700948.png 0.997317 0.019299 -0.0655246 -0.0264402 0.660058 0.0850968 -0.283542
740 rgb/1305031935.736900.png 0.995837 0.0205683 -0.0776724 -0.0431043 0.695165 0.0661988 -0.276367
741 rgb/1305031935.768974.png 0.995577 0.0218902 -0.0798059 -0.0445499 0.702294 0.0627061 -0.273763
742 rgb/1305031935.801178.png 0.992695 0.023481 -0.097823 -0.0666397 0.74388 0.0368574 -0.273916
743 rgb/1305031935.836877.png 0.991909 0.0180725 -0.100879 -0.0749639 0.758981 0.027743 -0.27375
744 rgb/1305031935.869025.png 0.991547 0.0159151 -0.101389 -0.0794245 0.766318 0.0224624 -0.274073
745 rgb/1305031935.901144.png 0.988703 0.00900036 -0.116464 -0.0939566 0.80283 -0.0048468 -0.268731
746 rgb/1305031935.936825.png 0.98826 0.0104733 -0.118697 -0.0956566 0.809819 -0.00991059 -0.268996
747 rgb/1305031935.969109.png 0.986636 0.0133529 -0.123945 -0.104954 0.826215 -0.021081 -0.268864
748 rgb/1305031936.000820.png 0.984353 0.0166455 -0.134387 -0.112776 0.847106 -0.0343458 -0.272394
749 rgb/1305031936.036965.png 0.981172 0.022275 -0.138853 -0.132401 0.873636 -0.0678006 -0.272796
750 rgb/1305031936.068809.png 0.979046 0.017959 -0.147069 -0.139726 0.880768 -0.0809107 -0.275442
751 rgb/1305031936.100718.png 0.978146 0.0120931 -0.152292 -0.141061 0.879633 -0.0878096 -0.272107
752 rgb/1305031936.137490.png 0.971322 -0.00719471 -0.176314 -0.159377 0.894154 -0.15992 -0.251217
753 rgb/1305031936.168897.png 0.971761 -0.00882413 -0.17303 -0.160219 0.894412 -0.165991 -0.247981
754 rgb/1305031936.200867.png 0.970199 -0.0090621 -0.170964 -0.17149 0.893542 -0.216202 -0.227689
755 rgb/1305031936.237546.png 0.970759 0.000462413 -0.16522 -0.17417 0.893033 -0.246729 -0.220401
756 rgb/1305031936.268981.png 0.970872 0.0055806 -0.177821 -0.160506 0.895747 -0.280763 -0.208621
757 rgb/1305031936.300816.png 0.968592 0.00747805 -0.190324 -0.159865 0.904843 -0.326025 -0.192156
758 rgb/1305031936.336863.png 0.965159 0.0153161 -0.196449 -0.172184 0.914292 -0.360629 -0.171328
759 rgb/1305031936.368927.png 0.961789 0.0217412 -0.202323 -0.183194 0.917962 -0.388006 -0.150425
760 rgb/1305031936.400840.png 0.960309 0.0246717 -0.206651 -0.185738 0.92298 -0.394916 -0.146039
761 rgb/1305031936.436777.png 0.959141 0.027425 -0.209923 -0.187707 0.928058 -0.402137 -0.14229
762 rgb/1305031936.468789.png 0.953041 0.0371217 -0.217226 -0.207736 0.966469 -0.448518 -0.109664
763 rgb/1305031936.500753.png 0.950777 0.0454894 -0.214613 -0.218865 0.983001 -0.454473 -0.0979249
764 rgb/1305031936.536847.png 0.949784 0.04637 -0.214465 -0.223094 0.988677 -0.457988 -0.0938778
765 rgb/1305031936.569452.png 0.948438 0.0440598 -0.222704 -0.22121 1.01022 -0.471494 -0.0769814
766 rgb/1305031936.600821.png 0.946752 0.0526789 -0.227543 -0.22162 1.03389 -0.477151 -0.0671054
767 rgb/1305031936.636879.png 0.945525 0.0488702 -0.231905 -0.223204 1.04434 -0.475035 -0.0606382
768 rgb/1305031936.668885.png 0.947745 0.0391296 -0.229403 -0.21824 1.03674 -0.462484 -0.0578104
769 rgb/1305031936.700881.png 0.947749 0.0350715 -0.234941 -0.212959 1.02837 -0.458017 -0.0594939
770 rgb/1305031936.737504.png 0.946398 0.0372658 -0.235128 -0.218321 1.02015 -0.453831 -0.0623996
771 rgb/1305031936.768825.png 0.944325 0.0357712 -0.243106 -0.218805 1.00228 -0.443239 -0.0669761
772 rgb/1305031936.800856.png 0.943736 0.033795 -0.244051 -0.220605 0.996722 -0.442805 -0.0673985
773 rgb/1305031936.836845.png 0.942598 0.0303195 -0.248667 -0.220821 0.977775 -0.435327 -0.0716296
774 rgb/1305031936.868891.png 0.941645 0.0306028 -0.250095 -0.223218 0.975149 -0.434219 -0.073186
775 rgb/1305031936.900833.png 0.940908 0.0316456 -0.248965 -0.227407 0.973824 -0.433977 -0.0744049
776 rgb/1305031936.936914.png 0.94072 0.0317379 -0.249793 -0.227264 0.96769 -0.429747 -0.0769275
777 rgb/1305031936.968821.png 0.940213 0.0302059 -0.251364 -0.227836 0.967965 -0.431429 -0.0761705
778 rgb/1305031937.001118.png 0.940914 0.0298922 -0.251818 -0.224457 0.967083 -0.4335 -0.0764059
779 rgb/1305031937.036874.png 0.940361 0.0289719 -0.251788 -0.226916 0.967114 -0.433291 -0.0759107
780 rgb/1305031937.068765.png 0.939606 0.0275098 -0.252473 -0.229453 0.966119 -0.43088 -0.0755184
781 rgb/1305031937.100716.png 0.939994 0.0237876 -0.25072 -0.230198 0.964366 -0.432217 -0.0741553
782 rgb/1305031937.136838.png 0.939882 0.0240454 -0.251187 -0.230118 0.964485 -0.431103 -0.0745035
783 rgb/1305031937.168856.png 0.939518 0.0240145 -0.252656 -0.23 0.965521 -0.433863 -0.0755345
784 rgb/1305031937.200813.png 0.93989 0.024482 -0.251194 -0.230035 0.966486 -0.434621 -0.0761764
785 rgb/1305031937.236893.png 0.940356 0.0249797 -0.250504 -0.228824 0.967597 -0.433842 -0.0779492
786 rgb/1305031937.268821.png 0.940187 0.0235794 -0.252128 -0.227882 0.966058 -0.435126 -0.0782472
787 rgb/1305031937.300783.png 0.93993 0.0236133 -0.252519 -0.228506 0.967544 -0.437228 -0.0779235
788 rgb/1305031937.336862.png 0.940273 0.0238281 -0.25156 -0.22813 0.967607 -0.436766 -0.0783639
789 rgb/1305031937.368734.png 0.940884 0.0238826 -0.250736 -0.226507 0.966917 -0.438359 -0.0791519
790 rgb/1305031937.400796.png 0.941139 0.0241577 -0.250771 -0.225374 0.96731 -0.438709 -0.0799028
791 rgb/1305031937.438211.png 0.941156 0.0247034 -0.250711 -0.225311 0.967987 -0.439375 -0.080465
792 rgb/1305031937.468824.png 0.941156 0.0246777 -0.25057 -0.225474 0.967972 -0.438828 -0.0806541
793 rgb/1305031937.500797.png 0.941255 0.0239867 -0.250677 -0.225013 0.967831 -0.438774 -0.0808441
794 rgb/1305031937.536931.png 0.941168 0.024133 -0.250914 -0.225098 0.967651 -0.438837 -0.0813038
795 rgb/1305031937.568829.png 0.941093 0.0236437 -0.251556 -0.224748 0.968541 -0.438265 -0.0814865
796 rgb/1305031937.600746.png 0.941164 0.0232599 -0.251517 -0.224531 0.96842 -0.438841 -0.0814149
797 rgb/1305031937.636891.png 0.941069 0.0238214 -0.251292 -0.225125 0.968651 -0.438229 -0.0816677
798 rgb/1305031937.668803.png 0.941128 0.0220605 -0.25112 -0.225248 0.969205 -0.438669 -0.0809758
