0 rgb/1311868164.363181.png 1 0 0 0 0 0 0
7 rgb/1311868164.599061.png 0.999884 -0.00702802 0.00192621 -0.0133553 0.0150794 0.0128062 -0.0484034
8 rgb/1311868164.631140.png 0.999882 -0.00511517 0.00266247 -0.0142292 0.0179355 0.0127475 -0.0510918
13 rgb/1311868164.799138.png 0.999898 -0.000171829 -0.00633784 -0.0127719 0.0464795 0.00897972 -0.0683927
16 rgb/1311868164.899132.png 0.99982 0.0107082 -0.00533918 -0.0146913 0.0722538 0.00913219 -0.0769134
25 rgb/1311868165.199145.png 0.998962 0.0173977 -0.0299666 -0.0295597 0.166216 0.0187968 -0.104804
31 rgb/1311868165.399160.png 0.997952 0.00989811 -0.0516637 -0.0364054 0.235396 0.0393872 -0.118595
39 rgb/1311868165.663251.png 0.997726 -0.00456609 -0.0582504 -0.0336106 0.303553 0.061824 -0.128808
55 rgb/1311868166.199211.png 0.999262 -0.0241647 -0.0156981 -0.0254013 0.317761 0.126113 -0.222575
80 rgb/1311868167.031127.png 0.998683 -0.0330591 -0.0221621 -0.0323772 0.449939 0.199193 -0.305065
99 rgb/1311868167.699226.png 0.994527 -0.0274563 -0.080908 -0.0601385 0.636287 0.199866 -0.308942
128 rgb/1311868168.899300.png 0.991683 -0.0113198 -0.112345 -0.0617614 0.678331 0.104164 -0.156392
141 rgb/1311868169.363470.png 0.977893 0.0223441 -0.18227 -0.100016 0.719069 0.0260058 -0.0713975
152 rgb/1311868169.731279.png 0.958734 0.05489 -0.242082 -0.138608 0.77646 -0.0490865 -0.0176263
169 rgb/1311868170.299432.png 0.9568 0.0624961 -0.261479 -0.110713 0.877537 -0.0886035 -0.0113752
194 rgb/1311868171.131477.png 0.951418 0.0461555 -0.275396 -0.129732 1.02937 -0.0297944 -0.0724585
213 rgb/1311868171.799464.png 0.932654 0.0386438 -0.313762 -0.173831 1.18995 -0.0143939 -0.0220092
226 rgb/1311868172.363479.png 0.926628 -0.000876667 -0.321997 -0.194106 1.31283 -0.00162394 0.0575866
234 rgb/1311868172.699619.png 0.928391 -0.0317567 -0.307683 -0.205943 1.35877 0.00566436 0.12101
240 rgb/1311868172.963571.png 0.927369 -0.0626648 -0.301075 -0.213105 1.37029 0.00628931 0.199947
253 rgb/1311868173.431624.png 0.924945 -0.0574566 -0.304541 -0.220068 1.39067 -0.0437485 0.292371
263 rgb/1311868173.831620.png 0.91579 -0.051868 -0.332352 -0.219502 1.42184 -0.0770095 0.363543
273 rgb/1311868174.231617.png 0.886135 -0.0215715 -0.386087 -0.255414 1.48928 -0.144007 0.435674
285 rgb/1311868174.631772.png 0.869257 -0.0156536 -0.418734 -0.262315 1.53913 -0.174953 0.495207
297 rgb/1311868175.031665.png 0.868891 0.0125985 -0.430036 -0.244822 1.52735 -0.23338 0.538242
301 rgb/1311868175.167807.png 0.867474 0.0278945 -0.432063 -0.245015 1.5036 -0.260145 0.547006
307 rgb/1311868175.367738.png 0.864094 0.0663169 -0.447773 -0.220097 1.48066 -0.287568 0.569357
317 rgb/1311868175.699784.png 0.855178 0.0872648 -0.472866 -0.193526 1.45992 -0.345908 0.625607
322 rgb/1311868175.867687.png 0.845671 0.0969207 -0.487505 -0.194387 1.46399 -0.370836 0.649987
327 rgb/1311868176.032043.png 0.829987 0.10233 -0.510027 -0.201302 1.4849 -0.391731 0.687284
333 rgb/1311868176.231937.png 0.807926 0.106103 -0.533675 -0.226247 1.51952 -0.420155 0.743524
339 rgb/1311868176.431678.png 0.798408 0.0916983 -0.543514 -0.24234 1.55564 -0.439325 0.810067
348 rgb/1311868176.731819.png 0.792581 0.0662904 -0.550546 -0.253615 1.58411 -0.458143 0.884861
364 rgb/1311868177.267807.png 0.792633 0.0681229 -0.542437 -0.269916 1.55882 -0.499703 0.980354
381 rgb/1311868177.832005.png 0.782086 0.0446765 -0.550035 -0.289494 1.52361 -0.535413 1.0978
389 rgb/1311868178.100039.png 0.747432 0.0408113 -0.584171 -0.313726 1.54921 -0.54304 1.16227
398 rgb/1311868178.400074.png 0.722717 0.0467672 -0.602455 -0.33547 1.59182 -0.55741 1.23218
406 rgb/1311868178.668047.png 0.707571 0.0284308 -0.621984 -0.334172 1.6358 -0.557298 1.26164
417 rgb/1311868179.032182.png 0.705246 0.0194528 -0.625256 -0.333623 1.7405 -0.552952 1.26356
425 rgb/1311868179.300467.png 0.709544 0.0104708 -0.617523 -0.339267 1.83798 -0.538014 1.25868
436 rgb/1311868179.668182.png 0.718477 -0.0123863 -0.600303 -0.351103 1.92838 -0.54003 1.28096
453 rgb/1311868180.232155.png 0.696499 -0.0238782 -0.615616 -0.367879 2.0447 -0.578779 1.36627
462 rgb/1311868180.531936.png 0.678022 -0.0403275 -0.628481 -0.37904 2.09035 -0.588394 1.4185
496 rgb/1311868181.668011.png 0.695439 -0.0358675 -0.609316 -0.379225 2.05816 -0.631844 1.5163
514 rgb/1311868182.268066.png 0.70311 -0.0265109 -0.608708 -0.366619 1.87974 -0.65917 1.54379
524 rgb/1311868182.600295.png 0.70295 -0.0178593 -0.615593 -0.355791 1.78117 -0.681918 1.56832
532 rgb/1311868182.868215.png 0.673882 0.00612492 -0.650922 -0.349495 1.69382 -0.718587 1.60083
541 rgb/1311868183.168211.png 0.625093 0.0322729 -0.686238 -0.370533 1.57053 -0.796799 1.64231
551 rgb/1311868183.500255.png 0.576731 0.0386587 -0.717498 -0.388696 1.46383 -0.847498 1.65788
561 rgb/1311868183.836230.png 0.559554 0.00705398 -0.731959 -0.388697 1.35611 -0.877026 1.67191
571 rgb/1311868184.169015.png 0.566045 0.0212194 -0.732502 -0.377602 1.24516 -0.916638 1.65735
582 rgb/1311868184.536326.png 0.560941 0.0286336 -0.740573 -0.368887 1.14546 -0.938898 1.67417
591 rgb/1311868184.836324.png 0.515984 0.0388874 -0.772411 -0.36828 1.0484 -0.979024 1.69661
600 rgb/1311868185.136538.png -0.480655 -0.0554361 0.790216 0.376107 0.96293 -1.0194 1.71741
608 rgb/1311868185.401199.png -0.470398 -0.0584586 0.803093 0.361039 0.890333 -1.04096 1.72736
616 rgb/1311868185.668624.png -0.48174 -0.0838612 0.80147 0.344296 0.836199 -1.0514 1.72756
620 rgb/1311868185.800441.png -0.487615 -0.083563 0.804734 0.328104 0.816351 -1.05086 1.73129
623 rgb/1311868185.900384.png -0.481937 -0.0751465 0.808561 0.329118 0.801329 -1.04577 1.73376
626 rgb/1311868186.000413.png -0.471679 -0.0745405 0.811425 0.336974 0.780771 -1.04652 1.73515
631 rgb/1311868186.168524.png -0.448471 -0.074872 0.8187 0.35071 0.753181 -1.04963 1.75052
642 rgb/1311868186.537052.png -0.378444 -0.0563992 0.841314 0.381826 0.714752 -1.05101 1.80994
660 rgb/1311868187.136587.png -0.362119 -0.0376977 0.841094 0.400011 0.785034 -1.07339 1.88947
670 rgb/1311868187.468568.png -0.377012 -0.0376362 0.821543 0.426043 0.842998 -1.0887 1.94386
684 rgb/1311868187.936595.png -0.368055 -0.0358769 0.821628 0.433793 0.857866 -1.12367 2.0344
692 rgb/1311868188.200610.png -0.32903 -0.0236943 0.832338 0.445411 0.830007 -1.14176 2.12789
702 rgb/1311868188.537539.png -0.299725 -0.0184342 0.823578 0.48119 0.808646 -1.13483 2.22567
715 rgb/1311868188.968696.png -0.29186 0.0170869 0.815181 0.500006 0.895369 -1.15125 2.32443
728 rgb/1311868189.400547.png -0.307391 0.0198879 0.792304 0.526658 0.996005 -1.17432 2.41207
751 rgb/1311868190.168751.png -0.32471 0.0248504 0.778346 0.536771 1.02159 -1.25129 2.58229
813 rgb/1311868192.240525.png -0.348465 0.0161723 0.775891 0.525646 0.897433 -1.35869 2.74594
857 rgb/1311868193.710143.png -0.265662 -0.0117683 0.814382 0.515816 0.736388 -1.38881 2.57182
909 rgb/1311868195.441781.png -0.263829 -0.0226648 0.841023 0.471763 0.633153 -1.53552 2.57629
938 rgb/1311868196.410126.png -0.330462 -0.00529659 0.803017 0.495913 0.680275 -1.56509 2.75488
961 rgb/1311868197.169013.png -0.358604 0.0157091 0.77977 0.512947 0.69462 -1.61356 2.89415
984 rgb/1311868197.937196.png -0.309059 0.0296024 0.770425 0.556822 0.600393 -1.66165 3.04323
1028 rgb/1311868199.405159.png -0.284711 0.0295223 0.767561 0.573515 0.389657 -1.6544 3.05569
1053 rgb/1311868200.237169.png -0.191524 0.0159094 0.786365 0.587107 0.251121 -1.68583 3.08231
1085 rgb/1311868201.305293.png -0.145503 0.0225578 0.789148 0.596293 0.0849689 -1.74265 3.17934
1129 rgb/1311868202.773447.png -0.107163 -0.00482034 0.779559 0.617074 -0.125371 -1.73972 3.18114
1154 rgb/1311868203.673562.png -0.0256135 -0.00216837 0.814718 0.579288 -0.192319 -1.80185 3.05726
1181 rgb/1311868204.637637.png 0.0496528 -0.0201125 0.803981 0.592237 -0.352148 -1.90396 2.87913
1206 rgb/1311868205.573643.png 0.0636655 -0.0140042 0.83253 0.550131 -0.430861 -2.01501 2.77503
1265 rgb/1311868207.873905.png 0.090652 -0.0440334 0.829181 0.54982 -0.629745 -1.90219 2.83894
1291 rgb/1311868209.073793.png 0.0836222 -0.0500889 0.796263 0.597046 -0.793546 -1.79824 2.97487
1353 rgb/1311868211.505937.png 0.159535 -0.0508273 0.779723 0.603321 -1.04966 -1.58622 2.92216
1406 rgb/1311868213.274014.png 0.163334 -0.058871 0.787666 0.591133 -1.32689 -1.54629 2.86952
1449 rgb/1311868214.706198.png 0.24304 -0.0394927 0.788075 0.564189 -1.43892 -1.47036 2.74077
1477 rgb/1311868215.642404.png 0.334399 -0.0631251 0.7797 0.525605 -1.49101 -1.47331 2.6354
1502 rgb/1311868216.474357.png 0.36797 -0.0506363 0.780615 0.502667 -1.46581 -1.52708 2.53841
1520 rgb/1311868217.074615.png 0.363005 -0.0419445 0.79293 0.487576 -1.47722 -1.56949 2.47969
1579 rgb/1311868219.042799.png 0.380685 -0.0434456 0.80434 0.454125 -1.52207 -1.48363 2.48979
1591 rgb/1311868219.442491.png 0.388451 -0.0310434 0.796206 0.462817 -1.56681 -1.38824 2.52038
1605 rgb/1311868219.910641.png 0.417601 -0.0126469 0.770953 0.480709 -1.59471 -1.30034 2.5599
1621 rgb/1311868220.442609.png 0.443471 -0.0185103 0.743309 0.500482 -1.62803 -1.22593 2.62075
1654 rgb/1311868221.543040.png 0.454451 -0.0431844 0.721317 0.520875 -1.72654 -1.16211 2.66453
1708 rgb/1311868223.343366.png 0.482685 -0.050442 0.701718 0.521595 -1.8078 -1.08389 2.53094
1752 rgb/1311868224.812285.png 0.520745 -0.0417619 0.691375 0.49908 -1.93844 -1.02329 2.39193
1795 rgb/1311868226.247306.png 0.556778 -0.0484713 0.673639 0.483591 -2.07463 -0.963092 2.27772
1818 rgb/1311868227.010946.png 0.558703 -0.0420666 0.675975 0.478684 -2.08914 -0.924028 2.13211
1836 rgb/1311868227.610890.png 0.582795 -0.0304415 0.667086 0.463054 -2.07281 -0.89024 2.01032
1859 rgb/1311868228.378967.png 0.6632 -0.0402337 0.613276 0.42713 -2.11741 -0.850884 1.88154
1879 rgb/1311868229.044504.png 0.678078 -0.0556355 0.603615 0.41565 -2.17867 -0.813153 1.76854
1897 rgb/1311868229.647479.png 0.670714 -0.0626537 0.599964 0.43158 -2.10692 -0.828559 1.68745
1910 rgb/1311868230.083190.png 0.671037 -0.0610583 0.596001 0.436765 -1.9925 -0.871079 1.6222
1918 rgb/1311868230.343265.png 0.663379 -0.0654816 0.607271 0.432275 -1.93415 -0.8966 1.58613
1927 rgb/1311868230.643420.png 0.648102 -0.0523088 0.604251 0.460552 -1.86387 -0.906667 1.53456
1934 rgb/1311868230.884514.png 0.656203 -0.0478831 0.611014 0.44019 -1.83899 -0.918869 1.49775
1940 rgb/1311868231.083967.png 0.661549 -0.0642825 0.615907 0.42294 -1.79469 -0.920442 1.46345
1948 rgb/1311868231.343237.png 0.664141 -0.104168 0.608497 0.42166 -1.76245 -0.936353 1.42879
1960 rgb/1311868231.743341.png 0.663768 -0.123619 0.607783 0.418009 -1.67549 -0.969792 1.40536
1970 rgb/1311868232.084470.png 0.66633 -0.135017 0.600203 0.421344 -1.61425 -1.02072 1.40171
1981 rgb/1311868232.443259.png 0.662088 -0.134997 0.598848 0.42988 -1.54265 -1.06295 1.40179
2001 rgb/1311868233.111321.png 0.669887 -0.118093 0.607216 0.410601 -1.48485 -1.12664 1.42153
2025 rgb/1311868233.911537.png 0.699682 -0.0991847 0.586614 0.395591 -1.57231 -1.05206 1.36424
2034 rgb/1311868234.211483.png 0.70756 -0.100228 0.587446 0.379763 -1.6257 -1.02451 1.31324
2042 rgb/1311868234.479529.png 0.726333 -0.100772 0.58063 0.353771 -1.69062 -0.999833 1.28012
2050 rgb/1311868234.743637.png 0.731185 -0.104797 0.576089 0.350009 -1.74894 -0.965576 1.24598
2059 rgb/1311868235.043680.png 0.735716 -0.108708 0.569239 0.350531 -1.80646 -0.925707 1.20984
2068 rgb/1311868235.343699.png 0.734181 -0.106283 0.565602 0.360246 -1.84907 -0.876622 1.17382
2078 rgb/1311868235.679690.png 0.724934 -0.100041 0.582424 0.353899 -1.86966 -0.819584 1.13926
2089 rgb/1311868236.043684.png 0.735095 -0.0948602 0.571381 0.352364 -1.87915 -0.760935 1.10726
2099 rgb/1311868236.379539.png 0.754459 -0.100257 0.546892 0.348783 -1.86696 -0.709657 1.07011
2111 rgb/1311868236.779605.png 0.769138 -0.0839128 0.533466 0.341759 -1.85778 -0.652891 1.03883
2120 rgb/1311868237.079739.png 0.77972 -0.0756399 0.516693 0.345462 -1.8658 -0.607367 1.01838
2129 rgb/1311868237.379984.png 0.794747 -0.0645809 0.49927 0.339022 -1.87363 -0.559518 0.971405
2136 rgb/1311868237.611575.png 0.809515 -0.077261 0.483247 0.324328 -1.87451 -0.52487 0.913425
2144 rgb/1311868237.879660.png 0.826868 -0.084071 0.463058 0.307895 -1.88865 -0.486398 0.845879
2153 rgb/1311868238.179768.png 0.834749 -0.0871964 0.444609 0.312911 -1.90166 -0.434757 0.776528
2169 rgb/1311868238.711811.png 0.837296 -0.0911537 0.438883 0.313063 -1.87721 -0.378545 0.710642
2181 rgb/1311868239.111923.png 0.83983 -0.0948527 0.432723 0.313752 -1.82616 -0.330506 0.670739
2195 rgb/1311868239.579832.png 0.861547 -0.0870128 0.392674 0.309794 -1.78282 -0.279916 0.636032
2205 rgb/1311868239.912048.png 0.878594 -0.094289 0.363502 0.295039 -1.76742 -0.24553 0.611082
2215 rgb/1311868240.247823.png 0.89172 -0.0999348 0.341524 0.279659 -1.75649 -0.202304 0.535862
2221 rgb/1311868240.447900.png 0.8977 -0.112984 0.336205 0.261411 -1.76 -0.171937 0.484937
2233 rgb/1311868240.879754.png 0.899975 -0.117737 0.329033 0.260615 -1.77389 -0.123301 0.429913
2248 rgb/1311868241.379991.png 0.893077 -0.128435 0.332589 0.274412 -1.69404 -0.175986 0.40867
2256 rgb/1311868241.679969.png 0.8932 -0.114091 0.330059 0.283263 -1.64055 -0.226196 0.399014
2264 rgb/1311868241.947838.png 0.906199 -0.109595 0.318566 0.255555 -1.58653 -0.256322 0.37755
2275 rgb/1311868242.312146.png 0.92483 -0.111908 0.285623 0.224914 -1.53959 -0.280082 0.323591
2285 rgb/1311868242.712253.png 0.941758 -0.0980676 0.244092 0.20951 -1.50477 -0.265617 0.293486
2304 rgb/1311868243.448204.png 0.942433 -0.072222 0.260621 0.196673 -1.45057 -0.222137 0.244077
2312 rgb/1311868243.747912.png 0.956165 -0.0873471 0.224847 0.166019 -1.4163 -0.189612 0.187922
2321 rgb/1311868244.048067.png 0.963924 -0.100879 0.192348 0.153869 -1.38043 -0.153168 0.12867
2329 rgb/1311868244.380022.png 0.973023 -0.0969457 0.160887 0.133954 -1.35459 -0.0919893 0.0830685
2339 rgb/1311868244.748285.png 0.972153 -0.0975951 0.164755 0.135089 -1.32785 -0.0267742 0.0432509
2348 rgb/1311868245.048320.png 0.966162 -0.114354 0.184375 0.139498 -1.28792 0.0106181 0.0318891
2363 rgb/1311868245.548216.png 0.974951 -0.0856962 0.160475 0.127961 -1.20821 0.0598182 0.0152127
2371 rgb/1311868245.816257.png 0.972231 -0.086512 0.157969 0.149427 -1.1666 0.0948678 -0.00468172
2379 rgb/1311868246.080289.png 0.975223 -0.107232 0.136874 0.136775 -1.12195 0.125473 -0.0369829
2392 rgb/1311868246.516170.png 0.975803 -0.125273 0.127015 0.12642 -1.10019 0.178642 -0.124292
2413 rgb/1311868247.216432.png 0.969351 -0.135358 0.152106 0.13748 -1.06549 0.223065 -0.209304
2439 rgb/1311868248.080326.png 0.975918 -0.115904 0.140189 0.120401 -0.901513 0.135003 -0.131064
2455 rgb/1311868248.616364.png 0.982168 -0.125974 0.0973289 0.100016 -0.775704 0.0857708 -0.0830074
2463 rgb/1311868248.880380.png 0.983725 -0.144723 0.0761725 0.0744216 -0.708415 0.0531433 -0.0721398
2471 rgb/1311868249.148549.png 0.982144 -0.147522 0.0921085 0.0717435 -0.635277 0.0279526 -0.0591703
2481 rgb/1311868249.480373.png 0.983298 -0.137313 0.0964006 0.0705448 -0.589684 -0.00380116 -0.0301825
2491 rgb/1311868249.816620.png 0.984197 -0.128291 0.1018 0.0673309 -0.558197 -0.049805 0.018487
2500 rgb/1311868250.116495.png 0.984734 -0.113043 0.115929 0.0638788 -0.533543 -0.110308 0.0744082
2512 rgb/1311868250.516364.png 0.987653 -0.0974228 0.105939 0.061857 -0.518339 -0.175739 0.135667
2525 rgb/1311868250.948745.png 0.990389 -0.0791811 0.0971914 0.0584254 -0.51043 -0.237745 0.166079
2553 rgb/1311868251.881180.png 0.991913 -0.0832022 0.08792 0.0381538 -0.42843 -0.164781 0.0850903
2565 rgb/1311868252.280693.png 0.993809 -0.0819741 0.0745033 0.00852913 -0.330899 -0.134102 0.0103349
2573 rgb/1311868252.550037.png 0.994297 -0.0898165 0.0575085 -0.000306844 -0.261536 -0.0898466 -0.0367402
2582 rgb/1311868252.848740.png 0.993035 -0.105432 0.0523531 0.00498674 -0.186845 -0.045547 -0.073814
2599 rgb/1311868253.416763.png 0.991056 -0.117358 0.0617019 0.0150695 -0.0603507 -0.00428016 -0.0863194
2612 rgb/1311868253.848746.png 0.992397 -0.110299 0.049622 0.0228225 0.0424211 0.00344435 -0.0712839
2629 rgb/1311868254.416896.png 0.992761 -0.120081 0.00145064 -0.0021037 0.186452 0.0361814 -0.0805145
2640 rgb/1311868254.784875.png 0.98849 -0.143212 -0.0382258 -0.0302728 0.290113 0.0624803 -0.108241
2652 rgb/1311868255.185128.png 0.98609 -0.151609 -0.0595718 -0.0330549 0.376994 0.0971902 -0.132482
2668 rgb/1311868255.716862.png 0.986553 -0.146714 -0.0644652 -0.0321214 0.451311 0.116827 -0.138172
2685 rgb/1311868256.284837.png 0.984517 -0.149003 -0.0762338 -0.0520886 0.575049 0.0782469 -0.0872207
2699 rgb/1311868256.749056.png 0.987424 -0.120176 -0.087868 -0.0531973 0.674136 0.0384474 -0.0447933
2716 rgb/1311868257.317019.png 0.9783 -0.118758 -0.134266 -0.103914 0.784556 -0.0278195 -0.00638423
2736 rgb/1311868257.985217.png 0.963188 -0.113383 -0.186406 -0.157055 0.89077 -0.130732 0.0286488
2750 rgb/1311868258.449148.png 0.948762 -0.139196 -0.216696 -0.183077 0.895754 -0.235396 0.110952
2768 rgb/1311868259.048922.png 0.946871 -0.110327 -0.241314 -0.181747 0.903412 -0.366241 0.209397
