1311868164.363181 1311868165.399160 1311868164.363200 1311868165.399900 0.051101 0.006603
1311868164.599061 1311868165.663251 1311868164.599800 1311868165.663200 0.029784 0.009770
1311868164.631140 1311868165.663251 1311868164.629800 1311868165.663200 0.029961 0.011212
1311868164.799138 1311868165.663251 1311868164.799800 1311868165.663200 0.028638 0.009211
1311868164.899132 1311868165.663251 1311868164.899800 1311868165.663200 0.024202 0.007754
1311868165.199145 1311868166.199211 1311868165.199800 1311868166.199900 0.028923 0.010872
1311868165.399160 1311868166.199211 1311868165.399900 1311868166.199900 0.022186 0.013372
1311868165.663251 1311868167.031127 1311868165.663200 1311868167.029900 0.034373 0.016594
1311868166.199211 1311868167.031127 1311868166.199900 1311868167.029900 0.017859 0.006465
1311868167.031127 1311868167.699226 1311868167.029900 1311868167.700100 0.013933 0.002954
1311868167.699226 1311868168.899300 1311868167.700100 1311868168.900000 0.019724 0.014164
1311868168.899300 1311868169.731279 1311868168.900000 1311868169.730100 0.016276 0.013837
1311868169.363470 1311868170.299432 1311868169.363400 1311868170.300100 0.022804 0.013400
1311868169.731279 1311868171.131477 1311868169.730100 1311868171.130100 0.025172 0.002602
1311868170.299432 1311868171.131477 1311868170.300100 1311868171.130100 0.016769 0.004350
1311868171.131477 1311868172.363479 1311868171.130100 1311868172.363500 0.016960 0.004798
1311868171.799464 1311868172.699619 1311868171.800200 1311868172.700200 0.015368 0.014526
1311868172.699619 1311868173.831620 1311868172.700200 1311868173.836900 0.029861 0.018613
1311868172.963571 1311868173.831620 1311868172.963500 1311868173.836900 0.023562 0.016548
1311868173.831620 1311868174.631772 1311868173.836900 1311868174.630200 0.022073 0.014395
1311868175.167807 1311868176.231937 1311868175.173600 1311868176.230500 0.021823 0.019870
1311868176.032043 1311868177.267807 1311868176.027000 1311868177.267100 0.019910 0.014977
1311868176.231937 1311868177.267807 1311868176.230500 1311868177.267100 0.008875 0.007912
1311868176.431678 1311868177.267807 1311868176.427000 1311868177.267100 0.001766 0.006356
1311868176.731819 1311868177.832005 1311868176.730400 1311868177.830400 0.007644 0.005449
1311868177.267807 1311868178.400074 1311868177.267100 1311868178.400400 0.018877 0.020011
1311868177.832005 1311868178.668047 1311868177.830400 1311868178.667100 0.021621 0.009227
1311868178.100039 1311868179.032182 1311868178.100400 1311868179.033800 0.019826 0.020004
1311868178.400074 1311868179.300467 1311868178.400400 1311868179.300400 0.019334 0.021388
1311868178.668047 1311868179.668182 1311868178.667100 1311868179.667100 0.007637 0.017299
1311868182.868215 1311868183.836230 1311868182.874000 1311868183.837400 0.020832 0.020987
1311868183.836230 1311868184.836324 1311868183.837400 1311868184.837300 0.020238 0.012731
1311868184.836324 1311868185.800441 1311868184.837300 1311868185.800700 0.009609 0.014025
1311868185.401199 1311868186.537052 1311868185.400700 1311868186.537500 0.025498 0.019920
1311868185.668624 1311868186.537052 1311868185.667400 1311868186.537500 0.023295 0.017215
1311868185.800441 1311868186.537052 1311868185.800700 1311868186.537500 0.014186 0.018631
1311868185.900384 1311868187.136587 1311868185.900800 1311868187.137500 0.007096 0.027104
1311868186.000413 1311868187.136587 1311868186.000700 1311868187.137500 0.010420 0.016471
1311868186.168524 1311868187.136587 1311868186.167400 1311868187.137500 0.013530 0.013165
1311868186.537052 1311868187.468568 1311868186.537500 1311868187.464200 0.012174 0.010686
1311868211.505937 1311868213.274014 1311868211.501900 1311868213.275400 0.040199 0.021271
1311868213.274014 1311868214.706198 1311868213.275400 1311868214.705400 0.036902 0.023502
1311868214.706198 1311868215.642404 1311868214.705400 1311868215.642100 0.030440 0.022975
1311868215.642404 1311868216.474357 1311868215.642100 1311868216.475500 0.032248 0.024023
1311868216.474357 1311868217.074615 1311868216.475500 1311868217.075500 0.021346 0.013410
1311868217.074615 1311868219.042799 1311868217.075500 1311868219.042300 0.018033 0.013148
1311868219.042799 1311868219.910641 1311868219.042300 1311868219.912300 0.014530 0.017649
1311868219.442491 1311868220.442609 1311868219.442300 1311868220.442300 0.014796 0.014968
1311868219.910641 1311868220.442609 1311868219.912300 1311868220.442300 0.004848 0.005870
1311868220.442609 1311868221.543040 1311868220.442300 1311868221.542500 0.016892 0.002161
1311868221.543040 1311868223.343366 1311868221.542500 1311868223.342500 0.026999 0.012723
1311868223.343366 1311868224.812285 1311868223.342500 1311868224.812500 0.025458 0.020521
1311868224.812285 1311868226.247306 1311868224.812500 1311868226.245900 0.013430 0.007507
1311868226.247306 1311868227.010946 1311868226.245900 1311868227.009300 0.018001 0.015618
1311868227.010946 1311868228.378967 1311868227.009300 1311868228.379300 0.017319 0.013490
1311868227.610890 1311868228.378967 1311868227.609300 1311868228.379300 0.011120 0.010528
1311868228.378967 1311868229.647479 1311868228.379300 1311868229.646000 0.017444 0.016058
1311868229.044504 1311868230.083190 1311868229.046000 1311868230.082700 0.008201 0.007301
1311868229.647479 1311868230.643420 1311868229.646000 1311868230.642800 0.012395 0.012175
1311868230.083190 1311868231.083967 1311868230.082700 1311868231.082800 0.012952 0.018156
1311868230.343265 1311868231.343237 1311868230.342800 1311868231.342800 0.014432 0.018427
1311868230.643420 1311868231.743341 1311868230.642800 1311868231.742800 0.013219 0.022246
1311868230.884514 1311868231.743341 1311868230.886100 1311868231.742800 0.017758 0.008813
1311868231.083967 1311868232.084470 1311868231.082800 1311868232.082800 0.010905 0.016088
1311868231.343237 1311868232.443259 1311868231.342800 1311868232.442900 0.019307 0.012553
1311868231.743341 1311868232.443259 1311868231.742800 1311868232.442900 0.007789 0.008355
1311868232.084470 1311868233.111321 1311868232.082800 1311868233.109900 0.010463 0.010105
1311868232.443259 1311868233.111321 1311868232.442900 1311868233.109900 0.003664 0.004796
1311868233.111321 1311868234.211483 1311868233.109900 1311868234.213000 0.008828 0.011790
1311868233.911537 1311868235.043680 1311868233.913100 1311868235.043000 0.007897 0.014057
1311868234.211483 1311868235.343699 1311868234.213000 1311868235.343000 0.005465 0.013513
1311868234.479529 1311868235.343699 1311868234.479600 1311868235.343000 0.008683 0.009336
1311868234.743637 1311868235.679690 1311868234.743000 1311868235.679700 0.014399 0.011027
1311868235.043680 1311868236.043684 1311868235.043000 1311868236.043000 0.013193 0.005952
1311868235.343699 1311868236.379539 1311868235.343000 1311868236.379700 0.011711 0.008878
1311868235.679690 1311868236.779605 1311868235.679700 1311868236.779800 0.013939 0.009885
1311868236.043684 1311868237.079739 1311868236.043000 1311868237.079700 0.012851 0.010499
1311868236.379539 1311868237.379984 1311868236.379700 1311868237.379800 0.009447 0.006954
1311868236.779605 1311868237.879660 1311868236.779800 1311868237.879800 0.008826 0.009188
1311868237.079739 1311868238.179768 1311868237.079700 1311868238.179800 0.009567 0.011369
1311868237.379984 1311868238.179768 1311868237.379800 1311868238.179800 0.009283 0.009416
1311868237.611575 1311868238.711811 1311868237.613200 1311868238.713200 0.010223 0.010190
1311868237.879660 1311868238.711811 1311868237.879800 1311868238.713200 0.008027 0.007610
1311868238.179768 1311868239.111923 1311868238.179800 1311868239.113100 0.015465 0.006336
1311868238.711811 1311868239.579832 1311868238.713200 1311868239.579900 0.018101 0.011245
1311868239.111923 1311868240.247823 1311868239.113100 1311868240.246600 0.018724 0.014762
1311868239.579832 1311868240.447900 1311868239.579900 1311868240.446700 0.015893 0.013496
1311868239.912048 1311868240.879754 1311868239.913200 1311868240.880000 0.024142 0.014330
1311868240.247823 1311868241.379991 1311868240.246600 1311868241.380000 0.030442 0.014243
1311868240.447900 1311868241.379991 1311868240.446700 1311868241.380000 0.029098 0.012722
1311868240.879754 1311868241.947838 1311868240.880000 1311868241.946700 0.030886 0.023789
1311868241.379991 1311868242.312146 1311868241.380000 1311868242.313400 0.020287 0.018675
1311868241.679969 1311868242.712253 1311868241.680000 1311868242.713400 0.022362 0.022191
1311868241.947838 1311868242.712253 1311868241.946700 1311868242.713400 0.012507 0.015041
1311868242.312146 1311868243.448204 1311868242.313400 1311868243.446700 0.021762 0.018771
1311868242.712253 1311868243.747912 1311868242.713400 1311868243.746700 0.021138 0.017720
1311868243.448204 1311868244.380022 1311868243.446700 1311868244.380100 0.007531 0.005214
1311868243.747912 1311868244.748285 1311868243.746700 1311868244.746800 0.012879 0.006510
1311868244.048067 1311868245.048320 1311868244.046700 1311868245.046800 0.010603 0.007388
1311868244.380022 1311868245.548216 1311868244.380100 1311868245.546800 0.035846 0.022079
1311868244.748285 1311868245.816257 1311868244.746800 1311868245.816900 0.040973 0.024042
1311868245.048320 1311868246.080289 1311868245.046800 1311868246.080200 0.034816 0.021259
1311868245.548216 1311868246.516170 1311868245.546800 1311868246.516900 0.026765 0.016637
1311868245.816257 1311868246.516170 1311868245.816900 1311868246.516900 0.013776 0.010111
1311868246.080289 1311868247.216432 1311868246.080200 1311868247.216900 0.027744 0.015930
1311868246.516170 1311868247.216432 1311868246.516900 1311868247.216900 0.014145 0.008458
1311868247.216432 1311868248.080326 1311868247.216900 1311868248.080200 0.023087 0.018779
1311868248.080326 1311868249.148549 1311868248.080200 1311868249.146900 0.029082 0.025015
1311868248.616364 1311868249.480373 1311868248.616900 1311868249.480300 0.025456 0.019384
1311868248.880380 1311868249.816620 1311868248.880300 1311868249.817000 0.025579 0.025328
1311868249.148549 1311868250.116495 1311868249.146900 1311868250.117000 0.018671 0.022422
1311868249.480373 1311868250.516364 1311868249.480300 1311868250.517000 0.019364 0.025590
1311868249.816620 1311868250.948745 1311868249.817000 1311868250.950400 0.018941 0.014818
1311868250.116495 1311868250.948745 1311868250.117000 1311868250.950400 0.012125 0.012374
1311868250.516364 1311868251.881180 1311868250.517000 1311868251.880400 0.007450 0.004760
1311868250.948745 1311868251.881180 1311868250.950400 1311868251.880400 0.011465 0.008492
1311868251.881180 1311868252.848740 1311868251.880400 1311868252.847100 0.012983 0.014114
1311868252.280693 1311868253.416763 1311868252.280400 1311868253.417200 0.018501 0.005316
1311868252.550037 1311868253.416763 1311868252.550400 1311868253.417200 0.014920 0.007678
1311868252.848740 1311868253.848746 1311868252.847100 1311868253.847200 0.013548 0.008002
1311868253.416763 1311868254.416896 1311868253.417200 1311868254.417200 0.013509 0.012069
1311868253.848746 1311868254.784875 1311868253.847200 1311868254.783900 0.010936 0.004162
1311868254.416896 1311868255.185128 1311868254.417200 1311868255.183900 0.013102 0.004306
1311868254.784875 1311868255.716862 1311868254.783900 1311868255.717300 0.020383 0.008745
1311868255.185128 1311868256.284837 1311868255.183900 1311868256.283900 0.018801 0.010306
1311868255.716862 1311868256.749056 1311868255.717300 1311868256.750600 0.016885 0.016625
1311868256.284837 1311868257.317019 1311868256.283900 1311868257.317300 0.014084 0.020763
1311868256.749056 1311868257.985217 1311868256.750600 1311868257.984000 0.015042 0.021598
1311868257.317019 1311868258.449148 1311868257.317300 1311868258.450700 0.012752 0.005050