1311868164.363181 0.000000 0.000000 0.000000 0.000000 0.000000 0.000000 1.000000
1311868164.599061 0.015079 0.012806 -0.048403 -0.007028 0.001926 -0.013355 0.999884
1311868164.631140 0.017936 0.012748 -0.051092 -0.005115 0.002662 -0.014229 0.999882
1311868164.799138 0.046479 0.008980 -0.068393 -0.000172 -0.006338 -0.012772 0.999898
1311868164.899132 0.072254 0.009132 -0.076913 0.010708 -0.005339 -0.014691 0.999820
1311868165.199145 0.166216 0.018797 -0.104804 0.017398 -0.029967 -0.029560 0.998962
1311868165.399160 0.235396 0.039387 -0.118595 0.009898 -0.051664 -0.036405 0.997952
1311868165.663251 0.303553 0.061824 -0.128808 -0.004566 -0.058250 -0.033611 0.997726
1311868166.199211 0.317761 0.126113 -0.222575 -0.024165 -0.015698 -0.025401 0.999262
1311868167.031127 0.449939 0.199193 -0.305065 -0.033059 -0.022162 -0.032377 0.998683
1311868167.699226 0.636287 0.199866 -0.308942 -0.027456 -0.080908 -0.060138 0.994527
1311868168.899300 0.678331 0.104164 -0.156392 -0.011320 -0.112345 -0.061761 0.991683
1311868169.363470 0.719069 0.026006 -0.071398 0.022344 -0.182270 -0.100016 0.977893
1311868169.731279 0.776460 -0.049086 -0.017626 0.054890 -0.242082 -0.138608 0.958734
1311868170.299432 0.877537 -0.088604 -0.011375 0.062496 -0.261479 -0.110713 0.956800
1311868171.131477 1.029370 -0.029794 -0.072458 0.046156 -0.275396 -0.129732 0.951418
1311868171.799464 1.189950 -0.014394 -0.022009 0.038644 -0.313762 -0.173831 0.932654
1311868172.363479 1.312830 -0.001624 0.057587 -0.000877 -0.321997 -0.194106 0.926628
1311868172.699619 1.358770 0.005664 0.121010 -0.031757 -0.307683 -0.205943 0.928391
1311868172.963571 1.370290 0.006289 0.199947 -0.062665 -0.301075 -0.213105 0.927369
1311868173.431624 1.390670 -0.043749 0.292371 -0.057457 -0.304541 -0.220068 0.924945
1311868173.831620 1.421840 -0.077009 0.363543 -0.051868 -0.332352 -0.219502 0.915790
1311868174.231617 1.489280 -0.144007 0.435674 -0.021572 -0.386087 -0.255414 0.886135
1311868174.631772 1.539130 -0.174953 0.495207 -0.015654 -0.418734 -0.262315 0.869257
1311868175.031665 1.527350 -0.233380 0.538242 0.012599 -0.430036 -0.244822 0.868891
1311868175.167807 1.503600 -0.260145 0.547006 0.027894 -0.432063 -0.245015 0.867474
1311868175.367738 1.480660 -0.287568 0.569357 0.066317 -0.447773 -0.220097 0.864094
1311868175.699784 1.459920 -0.345908 0.625607 0.087265 -0.472866 -0.193526 0.855178
1311868175.867687 1.463990 -0.370836 0.649987 0.096921 -0.487505 -0.194387 0.845671
1311868176.032043 1.484900 -0.391731 0.687284 0.102330 -0.510027 -0.201302 0.829987
1311868176.231937 1.519520 -0.420155 0.743524 0.106103 -0.533675 -0.226247 0.807926
1311868176.431678 1.555640 -0.439325 0.810067 0.091698 -0.543514 -0.242340 0.798408
1311868176.731819 1.584110 -0.458143 0.884861 0.066290 -0.550546 -0.253615 0.792581
1311868177.267807 1.558820 -0.499703 0.980354 0.068123 -0.542437 -0.269916 0.792633
1311868177.832005 1.523610 -0.535413 1.097800 0.044677 -0.550035 -0.289494 0.782086
1311868178.100039 1.549210 -0.543040 1.162270 0.040811 -0.584171 -0.313726 0.747432
1311868178.400074 1.591820 -0.557410 1.232180 0.046767 -0.602455 -0.335470 0.722717
1311868178.668047 1.635800 -0.557298 1.261640 0.028431 -0.621984 -0.334172 0.707571
1311868179.032182 1.740500 -0.552952 1.263560 0.019453 -0.625256 -0.333623 0.705246
1311868179.300467 1.837980 -0.538014 1.258680 0.010471 -0.617523 -0.339267 0.709544
1311868179.668182 1.928380 -0.540030 1.280960 -0.012386 -0.600303 -0.351103 0.718477
1311868180.232155 2.044700 -0.578779 1.366270 -0.023878 -0.615616 -0.367879 0.696499
1311868180.531936 2.090350 -0.588394 1.418500 -0.040328 -0.628481 -0.379040 0.678022
1311868181.668011 2.058160 -0.631844 1.516300 -0.035867 -0.609316 -0.379225 0.695439
1311868182.268066 1.879740 -0.659170 1.543790 -0.026511 -0.608708 -0.366619 0.703110
1311868182.600295 1.781170 -0.681918 1.568320 -0.017859 -0.615593 -0.355791 0.702950
1311868182.868215 1.693820 -0.718587 1.600830 0.006125 -0.650922 -0.349495 0.673882
1311868183.168211 1.570530 -0.796799 1.642310 0.032273 -0.686238 -0.370533 0.625093
1311868183.500255 1.463830 -0.847498 1.657880 0.038659 -0.717498 -0.388696 0.576731
1311868183.836230 1.356110 -0.877026 1.671910 0.007054 -0.731959 -0.388697 0.559554
1311868184.169015 1.245160 -0.916638 1.657350 0.021219 -0.732502 -0.377602 0.566045
1311868184.536326 1.145460 -0.938898 1.674170 0.028634 -0.740573 -0.368887 0.560941
1311868184.836324 1.048400 -0.979024 1.696610 0.038887 -0.772411 -0.368280 0.515984
1311868185.136538 0.962930 -1.019400 1.717410 -0.055436 0.790216 0.376107 -0.480655
1311868185.401199 0.890333 -1.040960 1.727360 -0.058459 0.803093 0.361039 -0.470398
1311868185.668624 0.836199 -1.051400 1.727560 -0.083861 0.801470 0.344296 -0.481740
1311868185.800441 0.816351 -1.050860 1.731290 -0.083563 0.804734 0.328104 -0.487615
1311868185.900384 0.801329 -1.045770 1.733760 -0.075147 0.808561 0.329118 -0.481937
1311868186.000413 0.780771 -1.046520 1.735150 -0.074540 0.811425 0.336974 -0.471679
1311868186.168524 0.753181 -1.049630 1.750520 -0.074872 0.818700 0.350710 -0.448471
1311868186.537052 0.714752 -1.051010 1.809940 -0.056399 0.841314 0.381826 -0.378444
1311868187.136587 0.785034 -1.073390 1.889470 -0.037698 0.841094 0.400011 -0.362119
1311868187.468568 0.842998 -1.088700 1.943860 -0.037636 0.821543 0.426043 -0.377012
1311868187.936595 0.857866 -1.123670 2.034400 -0.035877 0.821628 0.433793 -0.368055
1311868188.200610 0.830007 -1.141760 2.127890 -0.023694 0.832338 0.445411 -0.329030
1311868188.537539 0.808646 -1.134830 2.225670 -0.018434 0.823578 0.481190 -0.299725
1311868188.968696 0.895369 -1.151250 2.324430 0.017087 0.815181 0.500006 -0.291860
1311868189.400547 0.996005 -1.174320 2.412070 0.019888 0.792304 0.526658 -0.307391
1311868190.168751 1.021590 -1.251290 2.582290 0.024850 0.778346 0.536771 -0.324710
1311868192.240525 0.897433 -1.358690 2.745940 0.016172 0.775891 0.525646 -0.348465
1311868193.710143 0.736388 -1.388810 2.571820 -0.011768 0.814382 0.515816 -0.265662
1311868195.441781 0.633153 -1.535520 2.576290 -0.022665 0.841023 0.471763 -0.263829
1311868196.410126 0.680275 -1.565090 2.754880 -0.005297 0.803017 0.495913 -0.330462
1311868197.169013 0.694620 -1.613560 2.894150 0.015709 0.779770 0.512947 -0.358604
1311868197.937196 0.600393 -1.661650 3.043230 0.029602 0.770425 0.556822 -0.309059
1311868199.405159 0.389657 -1.654400 3.055690 0.029522 0.767561 0.573515 -0.284711
1311868200.237169 0.251121 -1.685830 3.082310 0.015909 0.786365 0.587107 -0.191524
1311868201.305293 0.084969 -1.742650 3.179340 0.022558 0.789148 0.596293 -0.145503
1311868202.773447 -0.125371 -1.739720 3.181140 -0.004820 0.779559 0.617074 -0.107163
1311868203.673562 -0.192319 -1.801850 3.057260 -0.002168 0.814718 0.579288 -0.025614
1311868204.637637 -0.352148 -1.903960 2.879130 -0.020112 0.803981 0.592237 0.049653
1311868205.573643 -0.430861 -2.015010 2.775030 -0.014004 0.832530 0.550131 0.063665
1311868207.873905 -0.629745 -1.902190 2.838940 -0.044033 0.829181 0.549820 0.090652
1311868209.073793 -0.793546 -1.798240 2.974870 -0.050089 0.796263 0.597046 0.083622
1311868211.505937 -1.049660 -1.586220 2.922160 -0.050827 0.779723 0.603321 0.159535
1311868213.274014 -1.326890 -1.546290 2.869520 -0.058871 0.787666 0.591133 0.163334
1311868214.706198 -1.438920 -1.470360 2.740770 -0.039493 0.788075 0.564189 0.243040
1311868215.642404 -1.491010 -1.473310 2.635400 -0.063125 0.779700 0.525605 0.334399
1311868216.474357 -1.465810 -1.527080 2.538410 -0.050636 0.780615 0.502667 0.367970
1311868217.074615 -1.477220 -1.569490 2.479690 -0.041945 0.792930 0.487576 0.363005
1311868219.042799 -1.522070 -1.483630 2.489790 -0.043446 0.804340 0.454125 0.380685
1311868219.442491 -1.566810 -1.388240 2.520380 -0.031043 0.796206 0.462817 0.388451
1311868219.910641 -1.594710 -1.300340 2.559900 -0.012647 0.770953 0.480709 0.417601
1311868220.442609 -1.628030 -1.225930 2.620750 -0.018510 0.743309 0.500482 0.443471
1311868221.543040 -1.726540 -1.162110 2.664530 -0.043184 0.721317 0.520875 0.454451
1311868223.343366 -1.807800 -1.083890 2.530940 -0.050442 0.701718 0.521595 0.482685
1311868224.812285 -1.938440 -1.023290 2.391930 -0.041762 0.691375 0.499080 0.520745
1311868226.247306 -2.074630 -0.963092 2.277720 -0.048471 0.673639 0.483591 0.556778
1311868227.010946 -2.089140 -0.924028 2.132110 -0.042067 0.675975 0.478684 0.558703
1311868227.610890 -2.072810 -0.890240 2.010320 -0.030441 0.667086 0.463054 0.582795
1311868228.378967 -2.117410 -0.850884 1.881540 -0.040234 0.613276 0.427130 0.663200
1311868229.044504 -2.178670 -0.813153 1.768540 -0.055635 0.603615 0.415650 0.678078
1311868229.647479 -2.106920 -0.828559 1.687450 -0.062654 0.599964 0.431580 0.670714
1311868230.083190 -1.992500 -0.871079 1.622200 -0.061058 0.596001 0.436765 0.671037
1311868230.343265 -1.934150 -0.896600 1.586130 -0.065482 0.607271 0.432275 0.663379
1311868230.643420 -1.863870 -0.906667 1.534560 -0.052309 0.604251 0.460552 0.648102
1311868230.884514 -1.838990 -0.918869 1.497750 -0.047883 0.611014 0.440190 0.656203
1311868231.083967 -1.794690 -0.920442 1.463450 -0.064283 0.615907 0.422940 0.661549
1311868231.343237 -1.762450 -0.936353 1.428790 -0.104168 0.608497 0.421660 0.664141
1311868231.743341 -1.675490 -0.969792 1.405360 -0.123619 0.607783 0.418009 0.663768
1311868232.084470 -1.614250 -1.020720 1.401710 -0.135017 0.600203 0.421344 0.666330
1311868232.443259 -1.542650 -1.062950 1.401790 -0.134997 0.598848 0.429880 0.662088
1311868233.111321 -1.484850 -1.126640 1.421530 -0.118093 0.607216 0.410601 0.669887
1311868233.911537 -1.572310 -1.052060 1.364240 -0.099185 0.586614 0.395591 0.699682
1311868234.211483 -1.625700 -1.024510 1.313240 -0.100228 0.587446 0.379763 0.707560
1311868234.479529 -1.690620 -0.999833 1.280120 -0.100772 0.580630 0.353771 0.726333
1311868234.743637 -1.748940 -0.965576 1.245980 -0.104797 0.576089 0.350009 0.731185
1311868235.043680 -1.806460 -0.925707 1.209840 -0.108708 0.569239 0.350531 0.735716
1311868235.343699 -1.849070 -0.876622 1.173820 -0.106283 0.565602 0.360246 0.734181
1311868235.679690 -1.869660 -0.819584 1.139260 -0.100041 0.582424 0.353899 0.724934
1311868236.043684 -1.879150 -0.760935 1.107260 -0.094860 0.571381 0.352364 0.735095
1311868236.379539 -1.866960 -0.709657 1.070110 -0.100257 0.546892 0.348783 0.754459
1311868236.779605 -1.857780 -0.652891 1.038830 -0.083913 0.533466 0.341759 0.769138
1311868237.079739 -1.865800 -0.607367 1.018380 -0.075640 0.516693 0.345462 0.779720
1311868237.379984 -1.873630 -0.559518 0.971405 -0.064581 0.499270 0.339022 0.794747
1311868237.611575 -1.874510 -0.524870 0.913425 -0.077261 0.483247 0.324328 0.809515
1311868237.879660 -1.888650 -0.486398 0.845879 -0.084071 0.463058 0.307895 0.826868
1311868238.179768 -1.901660 -0.434757 0.776528 -0.087196 0.444609 0.312911 0.834749
1311868238.711811 -1.877210 -0.378545 0.710642 -0.091154 0.438883 0.313063 0.837296
1311868239.111923 -1.826160 -0.330506 0.670739 -0.094853 0.432723 0.313752 0.839830
1311868239.579832 -1.782820 -0.279916 0.636032 -0.087013 0.392674 0.309794 0.861547
1311868239.912048 -1.767420 -0.245530 0.611082 -0.094289 0.363502 0.295039 0.878594
1311868240.247823 -1.756490 -0.202304 0.535862 -0.099935 0.341524 0.279659 0.891720
1311868240.447900 -1.760000 -0.171937 0.484937 -0.112984 0.336205 0.261411 0.897700
1311868240.879754 -1.773890 -0.123301 0.429913 -0.117737 0.329033 0.260615 0.899975
1311868241.379991 -1.694040 -0.175986 0.408670 -0.128435 0.332589 0.274412 0.893077
1311868241.679969 -1.640550 -0.226196 0.399014 -0.114091 0.330059 0.283263 0.893200
1311868241.947838 -1.586530 -0.256322 0.377550 -0.109595 0.318566 0.255555 0.906199
1311868242.312146 -1.539590 -0.280082 0.323591 -0.111908 0.285623 0.224914 0.924830
1311868242.712253 -1.504770 -0.265617 0.293486 -0.098068 0.244092 0.209510 0.941758
1311868243.448204 -1.450570 -0.222137 0.244077 -0.072222 0.260621 0.196673 0.942433
1311868243.747912 -1.416300 -0.189612 0.187922 -0.087347 0.224847 0.166019 0.956165
1311868244.048067 -1.380430 -0.153168 0.128670 -0.100879 0.192348 0.153869 0.963924
1311868244.380022 -1.354590 -0.091989 0.083069 -0.096946 0.160887 0.133954 0.973023
1311868244.748285 -1.327850 -0.026774 0.043251 -0.097595 0.164755 0.135089 0.972153
1311868245.048320 -1.287920 0.010618 0.031889 -0.114354 0.184375 0.139498 0.966162
1311868245.548216 -1.208210 0.059818 0.015213 -0.085696 0.160475 0.127961 0.974951
1311868245.816257 -1.166600 0.094868 -0.004682 -0.086512 0.157969 0.149427 0.972231
1311868246.080289 -1.121950 0.125473 -0.036983 -0.107232 0.136874 0.136775 0.975223
1311868246.516170 -1.100190 0.178642 -0.124292 -0.125273 0.127015 0.126420 0.975803
1311868247.216432 -1.065490 0.223065 -0.209304 -0.135358 0.152106 0.137480 0.969351
1311868248.080326 -0.901513 0.135003 -0.131064 -0.115904 0.140189 0.120401 0.975918
1311868248.616364 -0.775704 0.085771 -0.083007 -0.125974 0.097329 0.100016 0.982168
1311868248.880380 -0.708415 0.053143 -0.072140 -0.144723 0.076173 0.074422 0.983725
1311868249.148549 -0.635277 0.027953 -0.059170 -0.147522 0.092108 0.071744 0.982144
1311868249.480373 -0.589684 -0.003801 -0.030183 -0.137313 0.096401 0.070545 0.983298
1311868249.816620 -0.558197 -0.049805 0.018487 -0.128291 0.101800 0.067331 0.984197
1311868250.116495 -0.533543 -0.110308 0.074408 -0.113043 0.115929 0.063879 0.984734
1311868250.516364 -0.518339 -0.175739 0.135667 -0.097423 0.105939 0.061857 0.987653
1311868250.948745 -0.510430 -0.237745 0.166079 -0.079181 0.097191 0.058425 0.990389
1311868251.881180 -0.428430 -0.164781 0.085090 -0.083202 0.087920 0.038154 0.991913
1311868252.280693 -0.330899 -0.134102 0.010335 -0.081974 0.074503 0.008529 0.993809
1311868252.550037 -0.261536 -0.089847 -0.036740 -0.089816 0.057508 -0.000307 0.994297
1311868252.848740 -0.186845 -0.045547 -0.073814 -0.105432 0.052353 0.004987 0.993035
1311868253.416763 -0.060351 -0.004280 -0.086319 -0.117358 0.061702 0.015069 0.991056
1311868253.848746 0.042421 0.003444 -0.071284 -0.110299 0.049622 0.022822 0.992397
1311868254.416896 0.186452 0.036181 -0.080515 -0.120081 0.001451 -0.002104 0.992761
1311868254.784875 0.290113 0.062480 -0.108241 -0.143212 -0.038226 -0.030273 0.988490
1311868255.185128 0.376994 0.097190 -0.132482 -0.151609 -0.059572 -0.033055 0.986090
1311868255.716862 0.451311 0.116827 -0.138172 -0.146714 -0.064465 -0.032121 0.986553
1311868256.284837 0.575049 0.078247 -0.087221 -0.149003 -0.076234 -0.052089 0.984517
1311868256.749056 0.674136 0.038447 -0.044793 -0.120176 -0.087868 -0.053197 0.987424
1311868257.317019 0.784556 -0.027820 -0.006384 -0.118758 -0.134266 -0.103914 0.978300
1311868257.985217 0.890770 -0.130732 0.028649 -0.113383 -0.186406 -0.157055 0.963188
1311868258.449148 0.895754 -0.235396 0.110952 -0.139196 -0.216696 -0.183077 0.948762
1311868259.048922 0.903412 -0.366241 0.209397 -0.110327 -0.241314 -0.181747 0.946871
